10 53.5407
20 36.3154
30 24.1194
40 19.2096
50 22.6
60 20.1963
70 20.6793
80 16.843
90 16.9236
100 16.5636
110 15.336
120 14.2181
130 14.1628
140 12.8913
150 12.6451
160 12.4287
170 11.07
180 12.0948
190 11.8085
200 10.8947
210 10.3379
220 10.1666
230 10.6107
240 10.7421
250 9.3605
260 9.53368
270 10.2109
280 9.75031
290 8.92739
300 9.0889
310 9.46281
320 8.99639
330 8.6821
340 8.28149
350 8.69283
360 8.24295
370 8.60833
380 7.9565
390 7.84769
400 8.08334
410 7.64845
420 7.31252
430 7.69794
440 7.62689
450 7.50442
460 7.29208
470 7.24709
480 7.31889
490 7.03223
500 6.91892
510 7.16495
520 6.93179
530 6.68043
540 6.79552
550 6.60133
560 6.61886
570 6.65074
580 6.5107
590 6.51152
600 6.39602
610 6.34235
620 6.18071
630 6.37485
640 6.1407
650 6.2281
660 6.21053
670 6.1196
680 5.9409
690 5.93864
700 6.08976
710 5.57522
720 6.07281
730 5.87035
740 5.81124
750 5.52422
760 5.86981
770 5.75037
780 5.70406
790 5.59357
800 5.623
810 5.61373
820 5.53733
830 5.61081
840 5.80292
850 5.26539
860 5.41193
870 5.26004
880 5.12955
890 5.37961
900 5.24833
910 5.22454
920 5.33466
930 5.28404
940 5.29523
950 5.01873
960 4.96415
970 5.04446
980 5.17152
990 4.90133
