-5 0.00613216
-4.98438 0.00633922
-4.96875 0.00654622
-4.95312 0.00675317
-4.9375 0.00696005
-4.92188 0.00716689
-4.90625 0.00737367
-4.89062 0.00758041
-4.875 0.0077871
-4.85938 0.00799377
-4.84375 0.0082004
-4.82812 0.00840702
-4.8125 0.00861363
-4.79688 0.00882024
-4.78125 0.00902686
-4.76562 0.0092335
-4.75 0.00944018
-4.73438 0.00964691
-4.71875 0.00985371
-4.70312 0.0100606
-4.6875 0.0102676
-4.67188 0.0104747
-4.65625 0.0106819
-4.64062 0.0108893
-4.625 0.0110969
-4.60938 0.0113048
-4.59375 0.0115128
-4.57812 0.0117211
-4.5625 0.0119297
-4.54688 0.0121386
-4.53125 0.0123479
-4.51562 0.0125575
-4.5 0.0127676
-4.48438 0.0129781
-4.46875 0.0131891
-4.45312 0.0134007
-4.4375 0.0136128
-4.42188 0.0138255
-4.40625 0.0140388
-4.39062 0.0142529
-4.375 0.0144677
-4.35938 0.0146833
-4.34375 0.0148997
-4.32812 0.015117
-4.3125 0.0153353
-4.29688 0.0155545
-4.28125 0.0157748
-4.26562 0.0159962
-4.25 0.0162188
-4.23438 0.0164426
-4.21875 0.0166677
-4.20312 0.0168942
-4.1875 0.0171221
-4.17188 0.0173515
-4.15625 0.0175824
-4.14062 0.017815
-4.125 0.0180492
-4.10938 0.0182853
-4.09375 0.0185232
-4.07812 0.018763
-4.0625 0.0190049
-4.04688 0.0192488
-4.03125 0.019495
-4.01562 0.0197434
-4 0.0199941
-3.98438 0.0202474
-3.96875 0.0205031
-3.95312 0.0207615
-3.9375 0.0210226
-3.92188 0.0212865
-3.90625 0.0215533
-3.89062 0.0218232
-3.875 0.0220961
-3.85938 0.0223723
-3.84375 0.0226519
-3.82812 0.0229348
-3.8125 0.0232213
-3.79688 0.0235115
-3.78125 0.0238055
-3.76562 0.0241033
-3.75 0.0244051
-3.73438 0.0247111
-3.71875 0.0250213
-3.70312 0.0253358
-3.6875 0.0256549
-3.67188 0.0259785
-3.65625 0.0263069
-3.64062 0.0266401
-3.625 0.0269784
-3.60938 0.0273217
-3.59375 0.0276703
-3.57812 0.0280243
-3.5625 0.0283839
-3.54688 0.0287491
-3.53125 0.02912
-3.51562 0.029497
-3.5 0.02988
-3.48438 0.0302692
-3.46875 0.0306648
-3.45312 0.0310669
-3.4375 0.0314757
-3.42188 0.0318913
-3.40625 0.0323138
-3.39062 0.0327435
-3.375 0.0331804
-3.35938 0.0336247
-3.34375 0.0340766
-3.32812 0.0345363
-3.3125 0.0350038
-3.29688 0.0354793
-3.28125 0.035963
-3.26562 0.0364551
-3.25 0.0369557
-3.23438 0.037465
-3.21875 0.0379831
-3.20312 0.0385102
-3.1875 0.0390465
-3.17188 0.0395921
-3.15625 0.0401472
-3.14062 0.040712
-3.125 0.0412865
-3.10938 0.0418711
-3.09375 0.0424658
-3.07812 0.0430709
-3.0625 0.0436864
-3.04688 0.0443127
-3.03125 0.0449497
-3.01562 0.0455977
-3 0.0462569
-2.98438 0.0469275
-2.96875 0.0476096
-2.95312 0.0483033
-2.9375 0.0490089
-2.92188 0.0497265
-2.90625 0.0504563
-2.89062 0.0511985
-2.875 0.0519532
-2.85938 0.0527205
-2.84375 0.0535008
-2.82812 0.0542941
-2.8125 0.0551006
-2.79688 0.0559205
-2.78125 0.056754
-2.76562 0.0576011
-2.75 0.0584622
-2.73438 0.0593372
-2.71875 0.0602265
-2.70312 0.0611302
-2.6875 0.0620485
-2.67188 0.0629814
-2.65625 0.0639292
-2.64062 0.0648921
-2.625 0.0658702
-2.60938 0.0668636
-2.59375 0.0678725
-2.57812 0.0688972
-2.5625 0.0699377
-2.54688 0.0709941
-2.53125 0.0720668
-2.51562 0.0731557
-2.5 0.0742611
-2.48438 0.0753832
-2.46875 0.076522
-2.45312 0.0776777
-2.4375 0.0788505
-2.42188 0.0800405
-2.40625 0.0812479
-2.39062 0.0824727
-2.375 0.0837152
-2.35938 0.0849755
-2.34375 0.0862538
-2.32812 0.0875501
-2.3125 0.0888646
-2.29688 0.0901974
-2.28125 0.0915487
-2.26562 0.0929186
-2.25 0.0943072
-2.23438 0.0957147
-2.21875 0.0971411
-2.20312 0.0985867
-2.1875 0.100051
-2.17188 0.101536
-2.15625 0.103039
-2.14062 0.104562
-2.125 0.106105
-2.10938 0.107668
-2.09375 0.10925
-2.07812 0.110853
-2.0625 0.112475
-2.04688 0.114118
-2.03125 0.115781
-2.01562 0.117464
-2 0.119168
-1.98438 0.120893
-1.96875 0.122638
-1.95312 0.124404
-1.9375 0.126191
-1.92188 0.127998
-1.90625 0.129827
-1.89062 0.131677
-1.875 0.133547
-1.85938 0.135439
-1.84375 0.137353
-1.82812 0.139287
-1.8125 0.141243
-1.79688 0.14322
-1.78125 0.145219
-1.76562 0.14724
-1.75 0.149282
-1.73438 0.151345
-1.71875 0.15343
-1.70312 0.155537
-1.6875 0.157666
-1.67188 0.159816
-1.65625 0.161988
-1.64062 0.164182
-1.625 0.166398
-1.60938 0.168636
-1.59375 0.170895
-1.57812 0.173177
-1.5625 0.17548
-1.54688 0.177805
-1.53125 0.180152
-1.51562 0.182521
-1.5 0.184912
-1.48438 0.187324
-1.46875 0.189759
-1.45312 0.192215
-1.4375 0.194693
-1.42188 0.197193
-1.40625 0.199714
-1.39062 0.202258
-1.375 0.204823
-1.35938 0.207409
-1.34375 0.210017
-1.32812 0.212647
-1.3125 0.215298
-1.29688 0.217971
-1.28125 0.220665
-1.26562 0.22338
-1.25 0.226117
-1.23438 0.228874
-1.21875 0.231653
-1.20312 0.234453
-1.1875 0.237274
-1.17188 0.240115
-1.15625 0.242978
-1.14062 0.245861
-1.125 0.248764
-1.10938 0.251688
-1.09375 0.254632
-1.07812 0.257597
-1.0625 0.260581
-1.04688 0.263586
-1.03125 0.26661
-1.01562 0.269655
-1 0.272718
-0.984375 0.275802
-0.96875 0.278904
-0.953125 0.282026
-0.9375 0.285166
-0.921875 0.288326
-0.90625 0.291504
-0.890625 0.294701
-0.875 0.297916
-0.859375 0.301149
-0.84375 0.304401
-0.828125 0.30767
-0.8125 0.310956
-0.796875 0.314261
-0.78125 0.317582
-0.765625 0.320921
-0.75 0.324276
-0.734375 0.327648
-0.71875 0.331036
-0.703125 0.334441
-0.6875 0.337861
-0.671875 0.341298
-0.65625 0.344749
-0.640625 0.348217
-0.625 0.351699
-0.609375 0.355196
-0.59375 0.358707
-0.578125 0.362233
-0.5625 0.365773
-0.546875 0.369326
-0.53125 0.372893
-0.515625 0.376473
-0.5 0.380066
-0.484375 0.383672
-0.46875 0.387291
-0.453125 0.390921
-0.4375 0.394563
-0.421875 0.398217
-0.40625 0.401881
-0.390625 0.405557
-0.375 0.409243
-0.359375 0.41294
-0.34375 0.416646
-0.328125 0.420362
-0.3125 0.424088
-0.296875 0.427822
-0.28125 0.431565
-0.265625 0.435316
-0.25 0.439075
-0.234375 0.442842
-0.21875 0.446616
-0.203125 0.450397
-0.1875 0.454184
-0.171875 0.457978
-0.15625 0.461777
-0.140625 0.465582
-0.125 0.469392
-0.109375 0.473206
-0.09375 0.477025
-0.078125 0.480848
-0.0625 0.484674
-0.046875 0.488504
-0.03125 0.492336
-0.015625 0.496171
0 0.500007
0.015625 0.503846
0.03125 0.507685
0.046875 0.511525
0.0625 0.515366
0.078125 0.519207
0.09375 0.523047
0.109375 0.526887
0.125 0.530725
0.140625 0.534561
0.15625 0.538396
0.171875 0.542228
0.1875 0.546057
0.203125 0.549883
0.21875 0.553705
0.234375 0.557523
0.25 0.561337
0.265625 0.565145
0.28125 0.568949
0.296875 0.572746
0.3125 0.576537
0.328125 0.580322
0.34375 0.5841
0.359375 0.58787
0.375 0.591632
0.390625 0.595387
0.40625 0.599132
0.421875 0.602868
0.4375 0.606595
0.453125 0.610313
0.46875 0.614019
0.484375 0.617715
0.5 0.6214
0.515625 0.625074
0.53125 0.628736
0.546875 0.632385
0.5625 0.636022
0.578125 0.639646
0.59375 0.643256
0.609375 0.646853
0.625 0.650435
0.640625 0.654003
0.65625 0.657556
0.671875 0.661094
0.6875 0.664616
0.703125 0.668123
0.71875 0.671613
0.734375 0.675086
0.75 0.678543
0.765625 0.681982
0.78125 0.685403
0.796875 0.688807
0.8125 0.692192
0.828125 0.695559
0.84375 0.698907
0.859375 0.702236
0.875 0.705545
0.890625 0.708835
0.90625 0.712105
0.921875 0.715354
0.9375 0.718583
0.953125 0.721791
0.96875 0.724978
0.984375 0.728144
1 0.731288
1.01562 0.73441
1.03125 0.737511
1.04688 0.740589
1.0625 0.743645
1.07812 0.746678
1.09375 0.749689
1.10938 0.752677
1.125 0.755641
1.14062 0.758582
1.15625 0.7615
1.17188 0.764394
1.1875 0.767265
1.20312 0.770111
1.21875 0.772934
1.23438 0.775732
1.25 0.778507
1.26562 0.781256
1.28125 0.783982
1.29688 0.786683
1.3125 0.789359
1.32812 0.79201
1.34375 0.794637
1.35938 0.797239
1.375 0.799816
1.39062 0.802368
1.40625 0.804896
1.42188 0.807398
1.4375 0.809875
1.45312 0.812328
1.46875 0.814755
1.48438 0.817157
1.5 0.819535
1.51562 0.821887
1.53125 0.824214
1.54688 0.826517
1.5625 0.828795
1.57812 0.831047
1.59375 0.833275
1.60938 0.835479
1.625 0.837657
1.64062 0.839812
1.65625 0.841941
1.67188 0.844046
1.6875 0.846127
1.70312 0.848184
1.71875 0.850216
1.73438 0.852225
1.75 0.854209
1.76562 0.85617
1.78125 0.858107
1.79688 0.860021
1.8125 0.861911
1.82812 0.863778
1.84375 0.865621
1.85938 0.867442
1.875 0.86924
1.89062 0.871015
1.90625 0.872768
1.92188 0.874498
1.9375 0.876206
1.95312 0.877892
1.96875 0.879557
1.98438 0.881199
2 0.882821
2.01562 0.88442
2.03125 0.885999
2.04688 0.887557
2.0625 0.889094
2.07812 0.890611
2.09375 0.892107
2.10938 0.893583
2.125 0.89504
2.14062 0.896476
2.15625 0.897893
2.17188 0.899291
2.1875 0.900669
2.20312 0.902029
2.21875 0.90337
2.23438 0.904693
2.25 0.905997
2.26562 0.907284
2.28125 0.908552
2.29688 0.909803
2.3125 0.911037
2.32812 0.912253
2.34375 0.913453
2.35938 0.914635
2.375 0.915802
2.39062 0.916952
2.40625 0.918086
2.42188 0.919204
2.4375 0.920306
2.45312 0.921393
2.46875 0.922465
2.48438 0.923522
2.5 0.924564
2.51562 0.925592
2.53125 0.926605
2.54688 0.927605
2.5625 0.92859
2.57812 0.929562
2.59375 0.93052
2.60938 0.931465
2.625 0.932397
2.64062 0.933316
2.65625 0.934223
2.67188 0.935117
2.6875 0.935999
2.70312 0.936869
2.71875 0.937727
2.73438 0.938573
2.75 0.939408
2.76562 0.940232
2.78125 0.941045
2.79688 0.941847
2.8125 0.942638
2.82812 0.943419
2.84375 0.94419
2.85938 0.94495
2.875 0.945701
2.89062 0.946442
2.90625 0.947173
2.92188 0.947895
2.9375 0.948608
2.95312 0.949311
2.96875 0.950006
2.98438 0.950692
3 0.95137
3.01562 0.952039
3.03125 0.9527
3.04688 0.953353
3.0625 0.953998
3.07812 0.954635
3.09375 0.955264
3.10938 0.955886
3.125 0.956501
3.14062 0.957109
3.15625 0.957709
3.17188 0.958302
3.1875 0.958889
3.20312 0.959469
3.21875 0.960042
3.23438 0.960609
3.25 0.96117
3.26562 0.961725
3.28125 0.962273
3.29688 0.962815
3.3125 0.963352
3.32812 0.963883
3.34375 0.964408
3.35938 0.964927
3.375 0.965441
3.39062 0.96595
3.40625 0.966453
3.42188 0.966951
3.4375 0.967444
3.45312 0.967932
3.46875 0.968415
3.48438 0.968893
3.5 0.969367
3.51562 0.969835
3.53125 0.970299
3.54688 0.970758
3.5625 0.971213
3.57812 0.971663
3.59375 0.972109
3.60938 0.97255
3.625 0.972987
3.64062 0.97342
3.65625 0.973848
3.67188 0.974272
3.6875 0.974692
3.70312 0.975108
3.71875 0.97552
3.73438 0.975927
3.75 0.976331
3.76562 0.97673
3.78125 0.977126
3.79688 0.977517
3.8125 0.977904
3.82812 0.978288
3.84375 0.978667
3.85938 0.979042
3.875 0.979414
3.89062 0.979781
3.90625 0.980144
3.92188 0.980504
3.9375 0.980859
3.95312 0.981211
3.96875 0.981558
3.98438 0.981901
4 0.98224
4.01562 0.982575
4.03125 0.982906
4.04688 0.983233
4.0625 0.983556
4.07812 0.983874
4.09375 0.984188
4.10938 0.984498
4.125 0.984804
4.14062 0.985105
4.15625 0.985402
4.17188 0.985694
4.1875 0.985982
4.20312 0.986265
4.21875 0.986543
4.23438 0.986817
4.25 0.987086
4.26562 0.987351
4.28125 0.98761
4.29688 0.987865
4.3125 0.988114
4.32812 0.988359
4.34375 0.988598
4.35938 0.988833
4.375 0.989062
4.39062 0.989285
4.40625 0.989503
4.42188 0.989716
4.4375 0.989923
4.45312 0.990124
4.46875 0.99032
4.48438 0.99051
4.5 0.990693
4.51562 0.990871
4.53125 0.991043
4.54688 0.991209
4.5625 0.991368
4.57812 0.991521
4.59375 0.991667
4.60938 0.991807
4.625 0.99194
4.64062 0.992066
4.65625 0.992186
4.67188 0.992298
4.6875 0.992404
4.70312 0.992502
4.71875 0.992593
4.73438 0.992677
4.75 0.992753
4.76562 0.992822
4.78125 0.992883
4.79688 0.992936
4.8125 0.992981
4.82812 0.993019
4.84375 0.993048
4.85938 0.993069
4.875 0.993082
4.89062 0.993087
4.90625 0.993083
4.92188 0.99307
4.9375 0.993049
4.95312 0.993019
4.96875 0.992981
4.98438 0.992933
5 0.992877


-5 0.000280648
-4.98438 0.00052312
-4.96875 0.000732544
-4.95312 0.000910658
-4.9375 0.00105919
-4.92188 0.00117988
-4.90625 0.00127441
-4.89062 0.0013445
-4.875 0.0013918
-4.85938 0.00141798
-4.84375 0.00142466
-4.82812 0.00141344
-4.8125 0.00138589
-4.79688 0.00134355
-4.78125 0.00128791
-4.76562 0.00122045
-4.75 0.00114257
-4.73438 0.00105566
-4.71875 0.000961048
-4.70312 0.00086003
-4.6875 0.00075384
-4.67188 0.000643666
-4.65625 0.000530645
-4.64062 0.000415859
-4.625 0.000300337
-4.60938 0.000185051
-4.59375 7.09165e-05
-4.57812 -4.12068e-05
-4.5625 -0.000150518
-4.54688 -0.000256275
-4.53125 -0.000357792
-4.51562 -0.000454444
-4.5 -0.000545663
-4.48438 -0.000630939
-4.46875 -0.000709819
-4.45312 -0.000781909
-4.4375 -0.000846867
-4.42188 -0.000904409
-4.40625 -0.000954304
-4.39062 -0.000996373
-4.375 -0.00103049
-4.35938 -0.00105657
-4.34375 -0.00107459
-4.32812 -0.00108456
-4.3125 -0.00108653
-4.29688 -0.00108062
-4.28125 -0.00106695
-4.26562 -0.0010457
-4.25 -0.00101708
-4.23438 -0.00098134
-4.21875 -0.000938743
-4.20312 -0.000889588
-4.1875 -0.000834198
-4.17188 -0.000772916
-4.15625 -0.000706104
-4.14062 -0.00063414
-4.125 -0.000557414
-4.10938 -0.000476328
-4.09375 -0.00039129
-4.07812 -0.000302713
-4.0625 -0.000211013
-4.04688 -0.000116604
-4.03125 -1.9897e-05
-4.01562 7.87013e-05
-4 0.000178794
-3.98438 0.000279993
-3.96875 0.000381926
-3.95312 0.000484234
-3.9375 0.000586574
-3.92188 0.000688625
-3.90625 0.000790085
-3.89062 0.000890677
-3.875 0.000990146
-3.85938 0.00108827
-3.84375 0.00118483
-3.82812 0.00127968
-3.8125 0.00137267
-3.79688 0.00146368
-3.78125 0.00155264
-3.76562 0.0016395
-3.75 0.00172425
-3.73438 0.00180691
-3.71875 0.00188753
-3.70312 0.0019662
-3.6875 0.00204305
-3.67188 0.00211822
-3.65625 0.00219191
-3.64062 0.00226434
-3.625 0.00233577
-3.60938 0.00240648
-3.59375 0.0024768
-3.57812 0.00254707
-3.5625 0.00261768
-3.54688 0.00268905
-3.53125 0.0027616
-3.51562 0.00283581
-3.5 0.00291216
-3.48438 0.00299119
-3.46875 0.00307342
-3.45312 0.00315943
-3.4375 0.00324981
-3.42188 0.00334515
-3.40625 0.00344608
-3.39062 0.00355326
-3.375 0.00366733
-3.35938 0.00378897
-3.34375 0.00391887
-3.32812 0.00405773
-3.3125 0.00420627
-3.29688 0.00436521
-3.28125 0.00453527
-3.26562 0.0047172
-3.25 0.00491174
-3.23438 0.00511964
-3.21875 0.00534167
-3.20312 0.00557859
-3.1875 0.00583115
-3.17188 0.00610013
-3.15625 0.0063863
-3.14062 0.00669042
-3.125 0.00701327
-3.10938 0.00735563
-3.09375 0.00771826
-3.07812 0.00810193
-3.0625 0.00850743
-3.04688 0.00893553
-3.03125 0.00938699
-3.01562 0.0098626
-3 0.0103631
-2.98438 0.0108893
-2.96875 0.011442
-2.95312 0.0120219
-2.9375 0.0126299
-2.92188 0.0132666
-2.90625 0.0139329
-2.89062 0.0146296
-2.875 0.0153575
-2.85938 0.0161173
-2.84375 0.0169098
-2.82812 0.017736
-2.8125 0.0185965
-2.79688 0.0194922
-2.78125 0.020424
-2.76562 0.0213926
-2.75 0.022399
-2.73438 0.0234439
-2.71875 0.0245284
-2.70312 0.0256532
-2.6875 0.0268193
-2.67188 0.0280276
-2.65625 0.029279
-2.64062 0.0305744
-2.625 0.031915
-2.60938 0.0333016
-2.59375 0.0347352
-2.57812 0.0362169
-2.5625 0.0377477
-2.54688 0.0393287
-2.53125 0.0409609
-2.51562 0.0426456
-2.5 0.0443837
-2.48438 0.0461765
-2.46875 0.048025
-2.45312 0.0499306
-2.4375 0.0518944
-2.42188 0.0539176
-2.40625 0.0560015
-2.39062 0.0581474
-2.375 0.0603565
-2.35938 0.0626301
-2.34375 0.0649696
-2.32812 0.0673763
-2.3125 0.0698515
-2.29688 0.0723966
-2.28125 0.075013
-2.26562 0.0777021
-2.25 0.0804652
-2.23438 0.0833038
-2.21875 0.0862193
-2.20312 0.0892131
-2.1875 0.0922866
-2.17188 0.0954413
-2.15625 0.0986784
-2.14062 0.102
-2.125 0.105406
-2.10938 0.108899
-2.09375 0.112481
-2.07812 0.116152
-2.0625 0.119913
-2.04688 0.123767
-2.03125 0.127715
-2.01562 0.131757
-2 0.135895
-1.98438 0.140131
-1.96875 0.144465
-1.95312 0.148899
-1.9375 0.153433
-1.92188 0.15807
-1.90625 0.162809
-1.89062 0.167652
-1.875 0.1726
-1.85938 0.177653
-1.84375 0.182813
-1.82812 0.18808
-1.8125 0.193455
-1.79688 0.198939
-1.78125 0.204532
-1.76562 0.210234
-1.75 0.216046
-1.73438 0.221968
-1.71875 0.228001
-1.70312 0.234145
-1.6875 0.240399
-1.67188 0.246764
-1.65625 0.25324
-1.64062 0.259826
-1.625 0.266522
-1.60938 0.273327
-1.59375 0.280242
-1.57812 0.287265
-1.5625 0.294395
-1.54688 0.301633
-1.53125 0.308976
-1.51562 0.316425
-1.5 0.323977
-1.48438 0.331631
-1.46875 0.339386
-1.45312 0.347241
-1.4375 0.355193
-1.42188 0.363242
-1.40625 0.371384
-1.39062 0.379618
-1.375 0.387943
-1.35938 0.396355
-1.34375 0.404852
-1.32812 0.413432
-1.3125 0.422092
-1.29688 0.430829
-1.28125 0.439641
-1.26562 0.448525
-1.25 0.457477
-1.23438 0.466494
-1.21875 0.475573
-1.20312 0.484711
-1.1875 0.493903
-1.17188 0.503147
-1.15625 0.512438
-1.14062 0.521772
-1.125 0.531147
-1.10938 0.540556
-1.09375 0.549997
-1.07812 0.559465
-1.0625 0.568956
-1.04688 0.578465
-1.03125 0.587987
-1.01562 0.597518
-1 0.607054
-0.984375 0.616589
-0.96875 0.626119
-0.953125 0.635639
-0.9375 0.645143
-0.921875 0.654627
-0.90625 0.664086
-0.890625 0.673515
-0.875 0.682907
-0.859375 0.692259
-0.84375 0.701565
-0.828125 0.710819
-0.8125 0.720016
-0.796875 0.729152
-0.78125 0.73822
-0.765625 0.747215
-0.75 0.756132
-0.734375 0.764966
-0.71875 0.773711
-0.703125 0.782361
-0.6875 0.790913
-0.671875 0.799359
-0.65625 0.807696
-0.640625 0.815917
-0.625 0.824018
-0.609375 0.831993
-0.59375 0.839837
-0.578125 0.847546
-0.5625 0.855114
-0.546875 0.862537
-0.53125 0.869809
-0.515625 0.876926
-0.5 0.883883
-0.484375 0.890675
-0.46875 0.897299
-0.453125 0.903749
-0.4375 0.910022
-0.421875 0.916112
-0.40625 0.922017
-0.390625 0.927731
-0.375 0.933252
-0.359375 0.938575
-0.34375 0.943697
-0.328125 0.948614
-0.3125 0.953324
-0.296875 0.957822
-0.28125 0.962106
-0.265625 0.966172
-0.25 0.970019
-0.234375 0.973643
-0.21875 0.977043
-0.203125 0.980214
-0.1875 0.983157
-0.171875 0.985868
-0.15625 0.988345
-0.140625 0.990588
-0.125 0.992594
-0.109375 0.994362
-0.09375 0.995892
-0.078125 0.997181
-0.0625 0.99823
-0.046875 0.999037
-0.03125 0.999602
-0.015625 0.999925
0 1.00001
0.015625 0.999844
0.03125 0.999441
0.046875 0.998796
0.0625 0.997909
0.078125 0.996782
0.09375 0.995416
0.109375 0.993811
0.125 0.991969
0.140625 0.989892
0.15625 0.987579
0.171875 0.985035
0.1875 0.98226
0.203125 0.979256
0.21875 0.976025
0.234375 0.972571
0.25 0.968894
0.265625 0.964999
0.28125 0.960888
0.296875 0.956563
0.3125 0.952028
0.328125 0.947286
0.34375 0.94234
0.359375 0.937194
0.375 0.931851
0.390625 0.926315
0.40625 0.920589
0.421875 0.914678
0.4375 0.908586
0.453125 0.902316
0.46875 0.895873
0.484375 0.889261
0.5 0.882485
0.515625 0.875549
0.53125 0.868457
0.546875 0.861214
0.5625 0.853825
0.578125 0.846295
0.59375 0.838627
0.609375 0.830828
0.625 0.822902
0.640625 0.814854
0.65625 0.806689
0.671875 0.798412
0.6875 0.790028
0.703125 0.781543
0.71875 0.77296
0.734375 0.764285
0.75 0.755524
0.765625 0.746682
0.78125 0.737763
0.796875 0.728773
0.8125 0.719716
0.828125 0.710599
0.84375 0.701425
0.859375 0.692201
0.875 0.682931
0.890625 0.673619
0.90625 0.664272
0.921875 0.654894
0.9375 0.64549
0.953125 0.636064
0.96875 0.626622
0.984375 0.617168
1 0.607707
1.01562 0.598244
1.03125 0.588782
1.04688 0.579327
1.0625 0.569883
1.07812 0.560454
1.09375 0.551045
1.10938 0.54166
1.125 0.532302
1.14062 0.522976
1.15625 0.513686
1.17188 0.504436
1.1875 0.495229
1.20312 0.486069
1.21875 0.476959
1.23438 0.467904
1.25 0.458906
1.26562 0.449969
1.28125 0.441095
1.29688 0.432289
1.3125 0.423553
1.32812 0.414889
1.34375 0.406301
1.35938 0.397791
1.375 0.389362
1.39062 0.381016
1.40625 0.372756
1.42188 0.364583
1.4375 0.356501
1.45312 0.34851
1.46875 0.340613
1.48438 0.332811
1.5 0.325107
1.51562 0.317502
1.53125 0.309997
1.54688 0.302594
1.5625 0.295294
1.57812 0.288098
1.59375 0.281008
1.60938 0.274023
1.625 0.267146
1.64062 0.260377
1.65625 0.253716
1.67188 0.247164
1.6875 0.240722
1.70312 0.23439
1.71875 0.228169
1.73438 0.222057
1.75 0.216057
1.76562 0.210167
1.78125 0.204388
1.79688 0.198719
1.8125 0.193161
1.82812 0.187713
1.84375 0.182375
1.85938 0.177145
1.875 0.172025
1.89062 0.167013
1.90625 0.162108
1.92188 0.15731
1.9375 0.152618
1.95312 0.148031
1.96875 0.143549
1.98438 0.13917
2 0.134894
2.01562 0.130719
2.03125 0.126645
2.04688 0.122669
2.0625 0.118792
2.07812 0.115011
2.09375 0.111326
2.10938 0.107735
2.125 0.104237
2.14062 0.10083
2.15625 0.0975136
2.17188 0.0942859
2.1875 0.0911454
2.20312 0.0880908
2.21875 0.0851205
2.23438 0.082233
2.25 0.0794268
2.26562 0.0767004
2.28125 0.0740523
2.29688 0.0714808
2.3125 0.0689845
2.32812 0.0665617
2.34375 0.0642109
2.35938 0.0619306
2.375 0.0597191
2.39062 0.0575749
2.40625 0.0554964
2.42188 0.0534822
2.4375 0.0515305
2.45312 0.04964
2.46875 0.047809
2.48438 0.0460361
2.5 0.0443197
2.51562 0.0426584
2.53125 0.0410507
2.54688 0.0394952
2.5625 0.0379904
2.57812 0.0365348
2.59375 0.0351272
2.60938 0.0337661
2.625 0.0324502
2.64062 0.0311782
2.65625 0.0299487
2.67188 0.0287606
2.6875 0.0276125
2.70312 0.0265032
2.71875 0.0254316
2.73438 0.0243964
2.75 0.0233966
2.76562 0.0224311
2.78125 0.0214987
2.79688 0.0205984
2.8125 0.0197292
2.82812 0.0188901
2.84375 0.0180801
2.85938 0.0172983
2.875 0.0165439
2.89062 0.0158159
2.90625 0.0151135
2.92188 0.0144358
2.9375 0.0137822
2.95312 0.0131518
2.96875 0.0125439
2.98438 0.0119577
3 0.0113928
3.01562 0.0108483
3.03125 0.0103236
3.04688 0.00981823
3.0625 0.00933152
3.07812 0.00886293
3.09375 0.00841195
3.10938 0.00797807
3.125 0.0075608
3.14062 0.00715968
3.15625 0.00677426
3.17188 0.00640412
3.1875 0.00604886
3.20312 0.00570807
3.21875 0.0053814
3.23438 0.00506847
3.25 0.00476895
3.26562 0.0044825
3.28125 0.0042088
3.29688 0.00394754
3.3125 0.00369843
3.32812 0.00346118
3.34375 0.00323551
3.35938 0.00302115
3.375 0.00281782
3.39062 0.00262528
3.40625 0.00244326
3.42188 0.00227152
3.4375 0.00210981
3.45312 0.00195788
3.46875 0.00181549
3.48438 0.0016824
3.5 0.00155836
3.51562 0.00144314
3.53125 0.00133649
3.54688 0.00123817
3.5625 0.00114792
3.57812 0.00106551
3.59375 0.000990669
3.60938 0.000923152
3.625 0.000862697
3.64062 0.000809042
3.65625 0.000761917
3.67188 0.000721052
3.6875 0.00068617
3.70312 0.00065699
3.71875 0.000633226
3.73438 0.000614588
3.75 0.000600782
3.76562 0.000591509
3.78125 0.000586466
3.79688 0.000585346
3.8125 0.00058784
3.82812 0.000593635
3.84375 0.000602414
3.85938 0.00061386
3.875 0.000627653
3.89062 0.000643474
3.90625 0.000661001
3.92188 0.000679914
3.9375 0.000699894
3.95312 0.000720622
3.96875 0.000741785
3.98438 0.000763071
4 0.000784174
4.01562 0.000804791
4.03125 0.000824627
4.04688 0.000843394
4.0625 0.000860814
4.07812 0.000876614
4.09375 0.000890536
4.10938 0.00090233
4.125 0.00091176
4.14062 0.000918604
4.15625 0.000922653
4.17188 0.000923716
4.1875 0.000921615
4.20312 0.000916195
4.21875 0.000907315
4.23438 0.000894856
4.25 0.00087872
4.26562 0.000858832
4.28125 0.000835137
4.29688 0.000807606
4.3125 0.000776233
4.32812 0.00074104
4.34375 0.000702073
4.35938 0.000659406
4.375 0.000613141
4.39062 0.000563408
4.40625 0.000510365
4.42188 0.000454203
4.4375 0.000395139
4.45312 0.000333424
4.46875 0.000269336
4.48438 0.000203187
4.5 0.00013532
4.51562 6.61082e-05
4.53125 -4.04323e-06
4.54688 -7.46978e-05
4.5625 -0.000145388
4.57812 -0.000215614
4.59375 -0.000284848
4.60938 -0.00035253
4.625 -0.00041807
4.64062 -0.000480849
4.65625 -0.000540219
4.67188 -0.000595507
4.6875 -0.000646008
4.70312 -0.000690994
4.71875 -0.000729713
4.73438 -0.000761385
4.75 -0.00078521
4.76562 -0.000800366
4.78125 -0.000806011
4.79688 -0.000801281
4.8125 -0.000785299
4.82812 -0.000757169
4.84375 -0.000715982
4.85938 -0.000660816
4.875 -0.000590739
4.89062 -0.000504809
4.90625 -0.000402077
4.92188 -0.00028159
4.9375 -0.000142391
4.95312 1.64791e-05
4.96875 0.000195976
4.98438 0.000397055
5 0.000620665
