0 0 -nan 0 0 -3 0 0 0 0 0.712024 0 0 -7.27021e-05 
0.01 0.01 0.005 -0.0296 -0.000148667 -2.92 0.01 5e-05 0.00712052 3.56019e-05 0.71211 0.00014101 1.09296e-09 0.0282325 
0.02 0.02 0.01 -0.0584 -0.000589333 -2.84 0.02 0.0002 0.0142428 0.000142416 0.712369 0.000563807 6.09401e-08 0.0562848 
0.03 0.03 0.015 -0.0864 -0.001314 -2.76 0.03 0.00045 0.0213685 0.000320469 0.712801 0.00126586 3.48551e-07 0.0840841 
0.04 0.04 0.02 -0.1136 -0.00231467 -2.68 0.04 0.0008 0.0284994 0.000569803 0.713406 0.00224465 1.14413e-06 0.111631 
0.05 0.05 0.025 -0.14 -0.00358333 -2.6 0.05 0.00125 0.0356372 0.00089048 0.714183 0.00349763 2.83782e-06 0.138924 
0.06 0.06 0.03 -0.1656 -0.005112 -2.52 0.06 0.0018 0.0427836 0.00128258 0.715134 0.00502229 5.92843e-06 0.165965 
0.07 0.07 0.035 -0.1904 -0.00689267 -2.44 0.07 0.00245 0.0499404 0.00174619 0.716257 0.00681609 1.10222e-05 0.192753 
0.08 0.08 0.04 -0.2144 -0.00891733 -2.36 0.08 0.0032 0.0571093 0.00228142 0.717553 0.0088765 1.88314e-05 0.219287 
0.09 0.09 0.045 -0.2376 -0.011178 -2.28 0.09 0.00405 0.0642921 0.00288842 0.719022 0.011201 3.01733e-05 0.245569 
0.1 0.1 0.05 -0.26 -0.0136667 -2.2 0.1 0.005 0.0714903 0.00356732 0.720663 0.013787 4.59688e-05 0.271598 
0.11 0.11 0.055 -0.2816 -0.0163753 -2.12 0.11 0.00605 0.0787059 0.00431828 0.722477 0.0166321 6.7241e-05 0.297375 
0.12 0.12 0.06 -0.3024 -0.019296 -2.04 0.12 0.0072 0.0859405 0.0051415 0.724464 0.0197337 9.51142e-05 0.322898 
0.13 0.13 0.065 -0.3224 -0.0224207 -1.96 0.13 0.00845 0.0931958 0.00603716 0.726624 0.0230892 0.000130812 0.348168 
0.14 0.14 0.07 -0.3416 -0.0257413 -1.88 0.14 0.0098 0.100474 0.00700549 0.728957 0.0266962 0.000175658 0.373186 
0.15 0.15 0.075 -0.36 -0.02925 -1.8 0.15 0.01125 0.107775 0.00804671 0.731462 0.0305521 0.000231072 0.39795 
0.16 0.16 0.08 -0.3776 -0.0329387 -1.72 0.16 0.0128 0.115103 0.00916109 0.73414 0.0346544 0.000298569 0.422462 
0.17 0.17 0.085 -0.3944 -0.0367993 -1.64 0.17 0.01445 0.122459 0.0103489 0.736991 0.0390005 0.000379761 0.44672 
0.18 0.18 0.09 -0.4104 -0.040824 -1.56 0.18 0.0162 0.129844 0.0116104 0.740015 0.0435879 0.00047635 0.470726 
0.19 0.19 0.095 -0.4256 -0.0450047 -1.48 0.19 0.01805 0.13726 0.0129459 0.743212 0.0484142 0.000590135 0.494479 
0.2 0.2 0.1 -0.44 -0.0493333 -1.4 0.2 0.02 0.144709 0.0143557 0.746581 0.0534767 0.000723002 0.517979 
0.21 0.21 0.105 -0.4536 -0.053802 -1.32 0.21 0.02205 0.152192 0.0158401 0.750123 0.0587729 0.000876929 0.541226 
0.22 0.22 0.11 -0.4664 -0.0584027 -1.24 0.22 0.0242 0.159712 0.0173996 0.753838 0.0643003 0.00105398 0.56422 
0.23 0.23 0.115 -0.4784 -0.0631273 -1.16 0.23 0.02645 0.167269 0.0190345 0.757726 0.0700565 0.00125631 0.586962 
0.24 0.24 0.12 -0.4896 -0.067968 -1.08 0.24 0.0288 0.174867 0.0207451 0.761786 0.0760387 0.00148615 0.60945 
0.25 0.25 0.125 -0.5 -0.0729167 -1 0.25 0.03125 0.182506 0.022532 0.766019 0.0822446 0.00174584 0.631685 
0.26 0.26 0.13 -0.5096 -0.0779653 -0.92 0.26 0.0338 0.190188 0.0243954 0.770425 0.0886716 0.00203777 0.653668 
0.27 0.27 0.135 -0.5184 -0.083106 -0.84 0.27 0.03645 0.197915 0.0263359 0.775004 0.0953171 0.00236444 0.675398 
0.28 0.28 0.14 -0.5264 -0.0883307 -0.76 0.28 0.0392 0.205688 0.0283538 0.779756 0.102179 0.00272841 0.696874 
0.29 0.29 0.145 -0.5336 -0.0936313 -0.68 0.29 0.04205 0.21351 0.0304498 0.78468 0.109254 0.00313233 0.718098 
0.3 0.3 0.15 -0.54 -0.099 -0.6 0.3 0.045 0.221382 0.0326242 0.789777 0.11654 0.00357893 0.739069 
0.31 0.31 0.155 -0.5456 -0.104429 -0.52 0.31 0.04805 0.229306 0.0348776 0.795047 0.124034 0.00407102 0.759787 
0.32 0.32 0.16 -0.5504 -0.109909 -0.44 0.32 0.0512 0.237284 0.0372105 0.80049 0.131735 0.00461148 0.780252 
0.33 0.33 0.165 -0.5544 -0.115434 -0.36 0.33 0.05445 0.245317 0.0396235 0.806106 0.139639 0.00520326 0.800464 
0.34 0.34 0.17 -0.5576 -0.120995 -0.28 0.34 0.0578 0.253407 0.0421171 0.811894 0.147743 0.00584938 0.820424 
0.35 0.35 0.175 -0.56 -0.126583 -0.2 0.35 0.06125 0.261555 0.0446918 0.817855 0.156046 0.00655296 0.84013 
0.36 0.36 0.18 -0.5616 -0.132192 -0.12 0.36 0.0648 0.269764 0.0473484 0.823989 0.164545 0.00731715 0.859584 
0.37 0.37 0.185 -0.5624 -0.137813 -0.04 0.37 0.06845 0.278036 0.0500873 0.830296 0.173237 0.00814521 0.878784 
0.38 0.38 0.19 -0.5624 -0.143437 0.04 0.38 0.0722 0.286371 0.0529093 0.836775 0.18212 0.00904043 0.897732 
0.39 0.39 0.195 -0.5616 -0.149058 0.12 0.39 0.07605 0.294772 0.0558149 0.843427 0.191191 0.0100062 0.916427 
0.4 0.4 0.2 -0.56 -0.154667 0.2 0.4 0.08 0.30324 0.0588049 0.850252 0.200447 0.011046 0.934868 
0.41 0.41 0.205 -0.5576 -0.160255 0.28 0.41 0.08405 0.311777 0.06188 0.85725 0.209887 0.0121632 0.953057 
0.42 0.42 0.21 -0.5544 -0.165816 0.36 0.42 0.0882 0.320386 0.0650407 0.864421 0.219508 0.0133615 0.970993 
0.43 0.43 0.215 -0.5504 -0.171341 0.44 0.43 0.09245 0.329066 0.0682879 0.871764 0.229306 0.0146445 0.988677 
0.44 0.44 0.22 -0.5456 -0.176821 0.52 0.44 0.0968 0.337821 0.0716223 0.87928 0.23928 0.0160159 1.00611 
0.45 0.45 0.225 -0.54 -0.18225 0.6 0.45 0.10125 0.346652 0.0750446 0.886969 0.249428 0.0174794 1.02328 
0.46 0.46 0.23 -0.5336 -0.187619 0.68 0.46 0.1058 0.355561 0.0785556 0.894831 0.259745 0.0190388 1.04021 
0.47 0.47 0.235 -0.5264 -0.192919 0.76 0.47 0.11045 0.36455 0.0821561 0.902866 0.270231 0.0206981 1.05688 
0.48 0.48 0.24 -0.5184 -0.198144 0.84 0.48 0.1152 0.373619 0.0858469 0.911073 0.280882 0.0224611 1.0733 
0.49 0.49 0.245 -0.5096 -0.203285 0.92 0.49 0.12005 0.382772 0.0896288 0.919453 0.291696 0.0243317 1.08946 
0.5 0.5 0.25 -0.5 -0.208333 1 0.5 0.125 0.392009 0.0935026 0.928006 0.302671 0.0263142 1.10538 
0.51 0.51 0.255 -0.4896 -0.213282 1.08 0.51 0.13005 0.401332 0.0974692 0.936732 0.313803 0.0284124 1.12104 
0.52 0.52 0.26 -0.4784 -0.218123 1.16 0.52 0.1352 0.410744 0.10153 0.94563 0.32509 0.0306306 1.13644 
0.53 0.53 0.265 -0.4664 -0.222847 1.24 0.53 0.14045 0.420246 0.105684 0.954701 0.336531 0.0329728 1.1516 
0.54 0.54 0.27 -0.4536 -0.227448 1.32 0.54 0.1458 0.429839 0.109935 0.963945 0.348122 0.0354435 1.1665 
0.55 0.55 0.275 -0.44 -0.231917 1.4 0.55 0.15125 0.439525 0.114281 0.973362 0.35986 0.0380467 1.18115 
0.56 0.56 0.28 -0.4256 -0.236245 1.48 0.56 0.1568 0.449307 0.118726 0.982952 0.371744 0.0407869 1.19554 
0.57 0.57 0.285 -0.4104 -0.240426 1.56 0.57 0.16245 0.459185 0.123268 0.992714 0.38377 0.0436685 1.20969 
0.58 0.58 0.29 -0.3944 -0.244451 1.64 0.58 0.1682 0.469161 0.12791 1.00265 0.395937 0.0466957 1.22358 
0.59 0.59 0.295 -0.3776 -0.248311 1.72 0.59 0.17405 0.479238 0.132652 1.01276 0.408241 0.0498731 1.23721 
0.6 0.6 0.3 -0.36 -0.252 1.8 0.6 0.18 0.489417 0.137495 1.02304 0.42068 0.0532051 1.2506 
0.61 0.61 0.305 -0.3416 -0.255509 1.88 0.61 0.18605 0.4997 0.14244 1.03349 0.433252 0.0566963 1.26373 
0.62 0.62 0.31 -0.3224 -0.258829 1.96 0.62 0.1922 0.510088 0.147489 1.04412 0.445954 0.0603513 1.2766 
0.63 0.63 0.315 -0.3024 -0.261954 2.04 0.63 0.19845 0.520583 0.152642 1.05492 0.458783 0.0641746 1.28923 
0.64 0.64 0.32 -0.2816 -0.264875 2.12 0.64 0.2048 0.531186 0.157901 1.06589 0.471737 0.0681709 1.3016 
0.65 0.65 0.325 -0.26 -0.267583 2.2 0.65 0.21125 0.541901 0.163266 1.07703 0.484814 0.0723449 1.31372 
0.66 0.66 0.33 -0.2376 -0.270072 2.28 0.66 0.2178 0.552728 0.168739 1.08835 0.498011 0.0767012 1.32559 
0.67 0.67 0.335 -0.2144 -0.272333 2.36 0.67 0.22445 0.563668 0.174321 1.09984 0.511325 0.0812447 1.3372 
0.68 0.68 0.34 -0.1904 -0.274357 2.44 0.68 0.2312 0.574725 0.180013 1.1115 0.524754 0.08598 1.34856 
0.69 0.69 0.345 -0.1656 -0.276138 2.52 0.69 0.23805 0.585899 0.185816 1.12334 0.538295 0.0909119 1.35967 
0.7 0.7 0.35 -0.14 -0.277667 2.6 0.7 0.245 0.597192 0.191732 1.13535 0.551947 0.0960454 1.37052 
0.71 0.71 0.355 -0.1136 -0.278935 2.68 0.71 0.25205 0.608607 0.19776 1.14753 0.565705 0.101385 1.38113 
0.72 0.72 0.36 -0.0864 -0.279936 2.76 0.72 0.2592 0.620144 0.203904 1.15988 0.579568 0.106936 1.39147 
0.73 0.73 0.365 -0.0584 -0.280661 2.84 0.73 0.26645 0.631805 0.210164 1.17241 0.593534 0.112703 1.40157 
0.74 0.74 0.37 -0.0296 -0.281101 2.92 0.74 0.2738 0.643592 0.216541 1.18511 0.607599 0.118691 1.41141 
0.75 0.75 0.375 1.33227e-15 -0.28125 3 0.75 0.28125 0.655508 0.223036 1.19798 0.621761 0.124906 1.421 
0.76 0.76 0.38 0.0304 -0.281099 3.08 0.76 0.2888 0.667553 0.229651 1.21103 0.636018 0.131351 1.43034 
0.77 0.77 0.385 0.0616 -0.280639 3.16 0.77 0.29645 0.679729 0.236388 1.22425 0.650367 0.138032 1.43942 
0.78 0.78 0.39 0.0936 -0.279864 3.24 0.78 0.3042 0.692038 0.243246 1.23764 0.664806 0.144953 1.44826 
0.79 0.79 0.395 0.1264 -0.278765 3.32 0.79 0.31205 0.704482 0.250229 1.2512 0.679331 0.152121 1.45683 
0.8 0.8 0.4 0.16 -0.277333 3.4 0.8 0.32 0.717063 0.257336 1.26494 0.693942 0.15954 1.46516 
0.81 0.81 0.405 0.1944 -0.275562 3.48 0.81 0.32805 0.729782 0.26457 1.27885 0.708634 0.167215 1.47323 
0.82 0.82 0.41 0.2296 -0.273443 3.56 0.82 0.3362 0.74264 0.271932 1.29293 0.723405 0.175151 1.48105 
0.83 0.83 0.415 0.2656 -0.270967 3.64 0.83 0.34445 0.755641 0.279424 1.30718 0.738254 0.183353 1.48862 
0.84 0.84 0.42 0.3024 -0.268128 3.72 0.84 0.3528 0.768785 0.287046 1.32161 0.753177 0.191826 1.49593 
0.85 0.85 0.425 0.34 -0.264917 3.8 0.85 0.36125 0.782074 0.2948 1.33621 0.768172 0.200575 1.503 
0.86 0.86 0.43 0.3784 -0.261325 3.88 0.86 0.3698 0.795509 0.302688 1.35099 0.783236 0.209606 1.5098 
0.87 0.87 0.435 0.4176 -0.257346 3.96 0.87 0.37845 0.809094 0.310711 1.36593 0.798367 0.218924 1.51636 
0.88 0.88 0.44 0.4576 -0.252971 4.04 0.88 0.3872 0.822829 0.31887 1.38105 0.813562 0.228533 1.52266 
0.89 0.89 0.445 0.4984 -0.248191 4.12 0.89 0.39605 0.836715 0.327168 1.39634 0.828819 0.238439 1.52871 
0.9 0.9 0.45 0.54 -0.243 4.2 0.9 0.405 0.850756 0.335605 1.41181 0.844136 0.248646 1.53451 
0.91 0.91 0.455 0.5824 -0.237389 4.28 0.91 0.41405 0.864952 0.344183 1.42744 0.859509 0.259161 1.54005 
0.92 0.92 0.46 0.6256 -0.231349 4.36 0.92 0.4232 0.879305 0.352904 1.44325 0.874936 0.269987 1.54534 
0.93 0.93 0.465 0.6696 -0.224874 4.44 0.93 0.43245 0.893818 0.36177 1.45924 0.890415 0.281131 1.55038 
0.94 0.94 0.47 0.7144 -0.217955 4.52 0.94 0.4418 0.908491 0.370781 1.47539 0.905943 0.292597 1.55516 
0.95 0.95 0.475 0.76 -0.210583 4.6 0.95 0.45125 0.923326 0.37994 1.49172 0.921517 0.304391 1.5597 
0.96 0.96 0.48 0.8064 -0.202752 4.68 0.96 0.4608 0.938326 0.389248 1.50822 0.937136 0.316517 1.56398 
0.97 0.97 0.485 0.8536 -0.194453 4.76 0.97 0.47045 0.953491 0.398707 1.52489 0.952796 0.32898 1.568 
0.98 0.98 0.49 0.9016 -0.185677 4.84 0.98 0.4802 0.968824 0.408319 1.54174 0.968495 0.341786 1.57178 
0.99 0.99 0.495 0.9504 -0.176418 4.92 0.99 0.49005 0.984327 0.418084 1.55876 0.98423 0.35494 1.5753 
1 1 1.66533e-15 1 6.66134e-16 5 1 0.5 1 0.428006 1.57595 1 6.66134e-16 1.57856 
1.01 1.03 0.025 1.0498 0.0102493 4.96 1.03 0.51015 1.01585 0.438085 1.5934 1.01588 0.0100789 1.59686 
1.02 1.06 0.05 1.0992 0.0209947 4.92 1.06 0.5206 1.03187 0.448323 1.61118 1.03194 0.0203158 1.61547 
1.03 1.09 0.075 1.1482 0.032232 4.88 1.09 0.53135 1.04807 0.458723 1.6293 1.04819 0.0307106 1.63438 
1.04 1.12 0.1 1.1968 0.0439573 4.84 1.12 0.5424 1.06446 0.469285 1.64776 1.06463 0.0412636 1.65361 
1.05 1.15 0.125 1.245 0.0561667 4.8 1.15 0.55375 1.08103 0.480013 1.66655 1.08126 0.0519751 1.67314 
1.06 1.18 0.15 1.2928 0.068856 4.76 1.18 0.5654 1.09779 0.490907 1.68567 1.09809 0.0628454 1.69298 
1.07 1.21 0.175 1.3402 0.0820213 4.72 1.21 0.57735 1.11474 0.501969 1.70514 1.11512 0.073875 1.71313 
1.08 1.24 0.2 1.3872 0.0956587 4.68 1.24 0.5896 1.13189 0.513202 1.72494 1.13235 0.0850642 1.73359 
1.09 1.27 0.225 1.4338 0.109764 4.64 1.27 0.60215 1.14924 0.524608 1.74507 1.14979 0.0964138 1.75435 
1.1 1.3 0.25 1.48 0.124333 4.6 1.3 0.615 1.16679 0.536188 1.76554 1.16744 0.107924 1.77543 
1.11 1.33 0.275 1.5258 0.139363 4.56 1.33 0.62815 1.18455 0.547944 1.78635 1.1853 0.119597 1.79681 
1.12 1.36 0.3 1.5712 0.154848 4.52 1.36 0.6416 1.20252 0.559879 1.80749 1.20338 0.131432 1.81851 
1.13 1.39 0.325 1.6162 0.170785 4.48 1.39 0.65535 1.2207 0.571995 1.82897 1.22167 0.14343 1.84051 
1.14 1.42 0.35 1.6608 0.187171 4.44 1.42 0.6694 1.2391 0.584294 1.85079 1.24019 0.155593 1.86282 
1.15 1.45 0.375 1.705 0.204 4.4 1.45 0.68375 1.25772 0.596778 1.87294 1.25893 0.167922 1.88543 
1.16 1.48 0.4 1.7488 0.221269 4.36 1.48 0.6984 1.27656 0.609449 1.89543 1.2779 0.180417 1.90836 
1.17 1.51 0.425 1.7922 0.238975 4.32 1.51 0.71335 1.29563 0.62231 1.91825 1.2971 0.193081 1.9316 
1.18 1.54 0.45 1.8352 0.257112 4.28 1.54 0.7286 1.31493 0.635363 1.94141 1.31653 0.205914 1.95514 
1.19 1.57 0.475 1.8778 0.275677 4.24 1.57 0.74415 1.33446 0.64861 1.96491 1.3362 0.218919 1.97899 
1.2 1.6 0.5 1.92 0.294667 4.2 1.6 0.76 1.35423 0.662053 1.98874 1.35611 0.232096 2.00315 
1.21 1.63 0.525 1.9618 0.314076 4.16 1.63 0.77615 1.37424 0.675695 2.01291 1.37627 0.245448 2.02762 
1.22 1.66 0.55 2.0032 0.333901 4.12 1.66 0.7926 1.39449 0.689538 2.03741 1.39667 0.258976 2.0524 
1.23 1.69 0.575 2.0442 0.354139 4.08 1.69 0.80935 1.41499 0.703586 2.06225 1.41732 0.272682 2.07748 
1.24 1.72 0.6 2.0848 0.374784 4.04 1.72 0.8264 1.43573 0.717839 2.08743 1.43822 0.286568 2.10288 
1.25 1.75 0.625 2.125 0.395833 4 1.75 0.84375 1.45674 0.732301 2.11294 1.45938 0.300637 2.12858 
1.26 1.78 0.65 2.1648 0.417283 3.96 1.78 0.8614 1.47799 0.746974 2.13879 1.48079 0.31489 2.15459 
1.27 1.81 0.675 2.2042 0.439128 3.92 1.81 0.87935 1.49951 0.761862 2.16497 1.50247 0.32933 2.18091 
1.28 1.84 0.7 2.2432 0.461365 3.88 1.84 0.8976 1.52129 0.776966 2.19149 1.52441 0.34396 2.20754 
1.29 1.87 0.725 2.2818 0.483991 3.84 1.87 0.91615 1.54334 0.792289 2.21835 1.54662 0.358781 2.23448 
1.3 1.9 0.75 2.32 0.507 3.8 1.9 0.935 1.56566 0.807833 2.24554 1.5691 0.373797 2.26173 
1.31 1.93 0.775 2.3578 0.530389 3.76 1.93 0.95415 1.58826 0.823603 2.27307 1.59186 0.389011 2.28928 
1.32 1.96 0.8 2.3952 0.554155 3.72 1.96 0.9736 1.61113 0.839599 2.30094 1.61489 0.404425 2.31714 
1.33 1.99 0.825 2.4322 0.578292 3.68 1.99 0.99335 1.63428 0.855826 2.32914 1.6382 0.420042 2.34532 
1.34 2.02 0.85 2.4688 0.602797 3.64 2.02 1.0134 1.65771 0.872286 2.35767 1.6618 0.435866 2.3738 
1.35 2.05 0.875 2.505 0.627667 3.6 2.05 1.03375 1.68143 0.888981 2.38655 1.68568 0.4519 2.40258 
1.36 2.08 0.9 2.5408 0.652896 3.56 2.08 1.0544 1.70544 0.905915 2.41576 1.70985 0.468147 2.43168 
1.37 2.11 0.925 2.5762 0.678481 3.52 2.11 1.07535 1.72975 0.923091 2.4453 1.73431 0.484612 2.46109 
1.38 2.14 0.95 2.6112 0.704419 3.48 2.14 1.0966 1.75435 0.940511 2.47518 1.75907 0.501296 2.4908 
1.39 2.17 0.975 2.6458 0.730704 3.44 2.17 1.11815 1.77925 0.958179 2.5054 1.78413 0.518205 2.52082 
1.4 2.2 1 2.68 0.757333 3.4 2.2 1.14 1.80446 0.976097 2.53595 1.80949 0.535343 2.55116 
1.41 2.23 1.025 2.7138 0.784303 3.36 2.23 1.16215 1.82997 0.994269 2.56684 1.83515 0.552713 2.5818 
1.42 2.26 1.05 2.7472 0.811608 3.32 2.26 1.1846 1.8558 1.0127 2.59807 1.86113 0.570319 2.61274 
1.43 2.29 1.075 2.7802 0.839245 3.28 2.29 1.20735 1.88193 1.03139 2.62963 1.88741 0.588167 2.644 
1.44 2.32 1.1 2.8128 0.867211 3.24 2.32 1.2304 1.90839 1.05034 2.66153 1.91401 0.606259 2.67557 
1.45 2.35 1.125 2.845 0.8955 3.2 2.35 1.25375 1.93517 1.06956 2.69376 1.94092 0.624602 2.70744 
1.46 2.38 1.15 2.8768 0.924109 3.16 2.38 1.2774 1.96227 1.08904 2.72633 1.96816 0.6432 2.73962 
1.47 2.41 1.175 2.9082 0.953035 3.12 2.41 1.30135 1.98969 1.1088 2.75924 1.99571 0.662057 2.77212 
1.48 2.44 1.2 2.9392 0.982272 3.08 2.44 1.3256 2.01745 1.12884 2.79248 2.0236 0.681179 2.80492 
1.49 2.47 1.225 2.9698 1.01182 3.04 2.47 1.35015 2.04554 1.14915 2.82606 2.05181 0.700571 2.83802 
1.5 2.5 1.25 3 1.04167 3 2.5 1.375 2.07397 1.16975 2.85997 2.08036 0.720238 2.87144 
1.51 2.53 1.275 3.0298 1.07182 2.96 2.53 1.40015 2.10274 1.19063 2.89422 2.10924 0.740186 2.90517 
1.52 2.56 1.3 3.0592 1.10226 2.92 2.56 1.4256 2.13186 1.2118 2.92881 2.13847 0.76042 2.9392 
1.53 2.59 1.325 3.0882 1.133 2.88 2.59 1.45135 2.16132 1.23327 2.96373 2.16803 0.780946 2.97354 
1.54 2.62 1.35 3.1168 1.16402 2.84 2.62 1.4774 2.19113 1.25503 2.99899 2.19794 0.801771 3.00819 
1.55 2.65 1.375 3.145 1.19533 2.8 2.65 1.50375 2.2213 1.27709 3.03458 2.22819 0.822899 3.04315 
1.56 2.68 1.4 3.1728 1.22692 2.76 2.68 1.5304 2.25183 1.29946 3.07051 2.2588 0.844338 3.07842 
1.57 2.71 1.425 3.2002 1.25879 2.72 2.71 1.55735 2.28271 1.32213 3.10678 2.28976 0.866094 3.114 
1.58 2.74 1.45 3.2272 1.29093 2.68 2.74 1.5846 2.31396 1.34512 3.14338 2.32108 0.888173 3.14988 
1.59 2.77 1.475 3.2538 1.32333 2.64 2.77 1.61215 2.34558 1.36841 3.18032 2.35276 0.910583 3.18608 
1.6 2.8 1.5 3.28 1.356 2.6 2.8 1.64 2.37757 1.39203 3.2176 2.3848 0.933329 3.22258 
1.61 2.83 1.525 3.3058 1.38893 2.56 2.83 1.66815 2.40994 1.41597 3.25521 2.41721 0.95642 3.25939 
1.62 2.86 1.55 3.3312 1.42211 2.52 2.86 1.6966 2.44268 1.44023 3.29315 2.44999 0.979861 3.29651 
1.63 2.89 1.575 3.3562 1.45555 2.48 2.89 1.72535 2.4758 1.46482 3.33144 2.48315 1.00366 3.33394 
1.64 2.92 1.6 3.3808 1.48924 2.44 2.92 1.7544 2.50931 1.48975 3.37006 2.51667 1.02783 3.37167 
1.65 2.95 1.625 3.405 1.52317 2.4 2.95 1.78375 2.5432 1.51501 3.40901 2.55058 1.05237 3.40972 
1.66 2.98 1.65 3.4288 1.55734 2.36 2.98 1.8134 2.57749 1.54061 3.4483 2.58487 1.07729 3.44807 
1.67 3.01 1.675 3.4522 1.59174 2.32 3.01 1.84335 2.61217 1.56656 3.48793 2.61954 1.1026 3.48673 
1.68 3.04 1.7 3.4752 1.62638 2.28 3.04 1.8736 2.64725 1.59286 3.52789 2.6546 1.12831 3.5257 
1.69 3.07 1.725 3.4978 1.66124 2.24 3.07 1.90415 2.68273 1.6195 3.56819 2.69006 1.15443 3.56498 
1.7 3.1 1.75 3.52 1.69633 2.2 3.1 1.935 2.71861 1.64651 3.60883 2.72591 1.18096 3.60457 
1.71 3.13 1.775 3.5418 1.73164 2.16 3.13 1.96615 2.75491 1.67388 3.6498 2.76215 1.20792 3.64447 
1.72 3.16 1.8 3.5632 1.76717 2.12 3.16 1.9976 2.79161 1.70161 3.69111 2.7988 1.23531 3.68467 
1.73 3.19 1.825 3.5842 1.80291 2.08 3.19 2.02935 2.82873 1.72971 3.73275 2.83584 1.26314 3.72519 
1.74 3.22 1.85 3.6048 1.83885 2.04 3.22 2.0614 2.86627 1.75819 3.77473 2.8733 1.29142 3.76601 
1.75 3.25 1.875 3.625 1.875 2 3.25 2.09375 2.90422 1.78704 3.81705 2.91117 1.32016 3.80714 
1.76 3.28 1.9 3.6448 1.91135 1.96 3.28 2.1264 2.94261 1.81627 3.8597 2.94944 1.34937 3.84858 
1.77 3.31 1.925 3.6642 1.94789 1.92 3.31 2.15935 2.98142 1.84589 3.90269 2.98814 1.37907 3.89032 
1.78 3.34 1.95 3.6832 1.98463 1.88 3.34 2.1926 3.02066 1.8759 3.94601 3.02725 1.40925 3.93238 
1.79 3.37 1.975 3.7018 2.02156 1.84 3.37 2.22615 3.06034 1.90631 3.98967 3.06679 1.43993 3.97475 
1.8 3.4 2 3.72 2.05867 1.8 3.4 2.26 3.10046 1.93711 4.03367 3.10675 1.47113 4.01742 
1.81 3.43 2.025 3.7378 2.09596 1.76 3.43 2.29415 3.14102 1.96832 4.078 3.14714 1.50285 4.0604 
1.82 3.46 2.05 3.7552 2.13342 1.72 3.46 2.3286 3.18202 1.99993 4.12267 3.18796 1.5351 4.10369 
1.83 3.49 2.075 3.7722 2.17106 1.68 3.49 2.36335 3.22347 2.03196 4.16767 3.22921 1.56789 4.14729 
1.84 3.52 2.1 3.7888 2.20886 1.64 3.52 2.3984 3.26537 2.0644 4.21301 3.2709 1.60124 4.1912 
1.85 3.55 2.125 3.805 2.24683 1.6 3.55 2.43375 3.30773 2.09727 4.25869 3.31304 1.63515 4.23541 
1.86 3.58 2.15 3.8208 2.28496 1.56 3.58 2.4694 3.35055 2.13056 4.3047 3.35561 1.66965 4.27994 
1.87 3.61 2.175 3.8362 2.32325 1.52 3.61 2.50535 3.39383 2.16428 4.35105 3.39864 1.70473 4.32477 
1.88 3.64 2.2 3.8512 2.36169 1.48 3.64 2.5416 3.43757 2.19844 4.39773 3.44211 1.74041 4.36991 
1.89 3.67 2.225 3.8658 2.40027 1.44 3.67 2.57815 3.48178 2.23303 4.44476 3.48604 1.77671 4.41536 
1.9 3.7 2.25 3.88 2.439 1.4 3.7 2.615 3.52647 2.26807 4.49211 3.53042 1.81364 4.46112 
1.91 3.73 2.275 3.8938 2.47787 1.36 3.73 2.65215 3.57163 2.30356 4.53981 3.57526 1.8512 4.50719 
1.92 3.76 2.3 3.9072 2.51687 1.32 3.76 2.6896 3.61726 2.33951 4.58783 3.62056 1.88942 4.55356 
1.93 3.79 2.325 3.9202 2.55601 1.28 3.79 2.72735 3.66338 2.37591 4.6362 3.66633 1.9283 4.60025 
1.94 3.82 2.35 3.9328 2.59528 1.24 3.82 2.7654 3.70999 2.41278 4.6849 3.71257 1.96786 4.64724 
1.95 3.85 2.375 3.945 2.63467 1.2 3.85 2.80375 3.75708 2.45011 4.73394 3.75928 2.00811 4.69454 
1.96 3.88 2.4 3.9568 2.67418 1.16 3.88 2.8424 3.80467 2.48792 4.78331 3.80646 2.04907 4.74215 
1.97 3.91 2.425 3.9682 2.7138 1.12 3.91 2.88135 3.85275 2.52621 4.83302 3.85412 2.09075 4.79007 
1.98 3.94 2.45 3.9792 2.75354 1.08 3.94 2.9206 3.90133 2.56498 4.88307 3.90226 2.13316 4.8383 
1.99 3.97 2.475 3.9898 2.79338 1.04 3.97 2.96015 3.95041 2.60424 4.93345 3.95089 2.17632 4.88683 
2 4 2.5 4 2.83333 1 4 3 4 2.64399 4.98417 4 2.22024 4.93568 
2.01 4.06 2.57 4.0105 2.87339 1.1 4.06 3.0403 4.05009 2.68424 5.03459 4.04962 2.26049 4.98795 
2.02 4.12 2.64 4.022 2.91355 1.2 4.12 3.0812 4.10069 2.72499 5.0841 4.09976 2.30123 5.03929 
2.03 4.18 2.71 4.0345 2.95383 1.3 4.18 3.1227 4.15177 2.76625 5.1327 4.1504 2.34246 5.08968 
2.04 4.24 2.78 4.048 2.99424 1.4 4.24 3.1648 4.20334 2.80803 5.18037 4.20155 2.38419 5.13912 
2.05 4.3 2.85 4.0625 3.03479 1.5 4.3 3.2075 4.25538 2.85032 5.22713 4.25318 2.42642 5.18762 
2.06 4.36 2.92 4.078 3.07549 1.6 4.36 3.2508 4.30788 2.89314 5.27297 4.3053 2.46914 5.23518 
2.07 4.42 2.99 4.0945 3.11635 1.7 4.42 3.2947 4.36083 2.93648 5.3179 4.35788 2.51235 5.28179 
2.08 4.48 3.06 4.112 3.15739 1.8 4.48 3.3392 4.41423 2.98036 5.3619 4.41093 2.55607 5.32746 
2.09 4.54 3.13 4.1305 3.1986 1.9 4.54 3.3843 4.46807 3.02477 5.405 4.46443 2.60029 5.37219 
2.1 4.6 3.2 4.15 3.24 2 4.6 3.43 4.52233 3.06972 5.44717 4.51837 2.645 5.41597 
2.11 4.66 3.27 4.1705 3.2816 2.1 4.66 3.4763 4.57701 3.11522 5.48843 4.57274 2.69022 5.45881 
2.12 4.72 3.34 4.192 3.32341 2.2 4.72 3.5232 4.6321 3.16126 5.52876 4.62754 2.73595 5.5007 
2.13 4.78 3.41 4.2145 3.36544 2.3 4.78 3.5707 4.68758 3.20786 5.56819 4.68275 2.78218 5.54165 
2.14 4.84 3.48 4.238 3.40771 2.4 4.84 3.6188 4.74346 3.25501 5.60669 4.73837 2.82893 5.58166 
2.15 4.9 3.55 4.2625 3.45021 2.5 4.9 3.6675 4.79971 3.30273 5.64428 4.79438 2.87618 5.62072 
2.16 4.96 3.62 4.288 3.49296 2.6 4.96 3.7168 4.85634 3.35101 5.68095 4.85078 2.92395 5.65884 
2.17 5.02 3.69 4.3145 3.53597 2.7 5.02 3.7667 4.91333 3.39986 5.71671 4.90756 2.97224 5.69602 
2.18 5.08 3.76 4.342 3.57925 2.8 5.08 3.8172 4.97067 3.44928 5.75154 4.9647 3.02105 5.73225 
2.19 5.14 3.83 4.3705 3.62281 2.9 5.14 3.8683 5.02836 3.49927 5.78546 5.0222 3.07038 5.76754 
2.2 5.2 3.9 4.4 3.66667 3 5.2 3.92 5.08638 3.54984 5.81847 5.08005 3.12023 5.80188 
2.21 5.26 3.97 4.4305 3.71082 3.1 5.26 3.9723 5.14472 3.601 5.85055 5.13823 3.17062 5.83528 
2.22 5.32 4.04 4.462 3.75528 3.2 5.32 4.0252 5.20338 3.65274 5.88172 5.19675 3.22154 5.86774 
2.23 5.38 4.11 4.4945 3.80006 3.3 5.38 4.0787 5.26235 3.70507 5.91197 5.25559 3.273 5.89925 
2.24 5.44 4.18 4.528 3.84517 3.4 5.44 4.1328 5.32162 3.75799 5.94131 5.31473 3.32499 5.92982 
2.25 5.5 4.25 4.5625 3.89062 3.5 5.5 4.1875 5.38118 3.8115 5.96972 5.37418 3.37753 5.95944 
2.26 5.56 4.32 4.598 3.93643 3.6 5.56 4.2428 5.44101 3.86561 5.99722 5.43392 3.43062 5.98812 
2.27 5.62 4.39 4.6345 3.98259 3.7 5.62 4.2987 5.50112 3.92032 6.02381 5.49394 3.48425 6.01586 
2.28 5.68 4.46 4.672 4.02912 3.8 5.68 4.3552 5.56149 3.97564 6.04947 5.55423 3.53845 6.04265 
2.29 5.74 4.53 4.7105 4.07603 3.9 5.74 4.4123 5.6221 4.03155 6.07422 5.61479 3.5932 6.0685 
2.3 5.8 4.6 4.75 4.12333 4 5.8 4.47 5.68297 4.08808 6.09805 5.6756 3.64851 6.0934 
2.31 5.86 4.67 4.7905 4.17103 4.1 5.86 4.5283 5.74406 4.14521 6.12097 5.73665 3.70439 6.11736 
2.32 5.92 4.74 4.832 4.21915 4.2 5.92 4.5872 5.80538 4.20296 6.14297 5.79794 3.76085 6.14038 
2.33 5.98 4.81 4.8745 4.26768 4.3 5.98 4.6467 5.86692 4.26132 6.16405 5.85946 3.81788 6.16245 
2.34 6.04 4.88 4.918 4.31664 4.4 6.04 4.7068 5.92866 4.3203 6.18421 5.92119 3.87548 6.18358 
2.35 6.1 4.95 4.9625 4.36604 4.5 6.1 4.7675 5.9906 4.3799 6.20346 5.98313 3.93368 6.20377 
2.36 6.16 5.02 5.008 4.41589 4.6 6.16 4.8288 6.05273 4.44011 6.22179 6.04526 3.99246 6.22301 
2.37 6.22 5.09 5.0545 4.4662 4.7 6.22 4.8907 6.11503 4.50095 6.2392 6.10758 4.05184 6.24131 
2.38 6.28 5.16 5.102 4.51699 4.8 6.28 4.9532 6.17751 4.56241 6.2557 6.17008 4.11181 6.25866 
2.39 6.34 5.23 5.1505 4.56825 4.9 6.34 5.0163 6.24014 4.6245 6.27128 6.23275 4.17239 6.27507 
2.4 6.4 5.3 5.2 4.62 5 6.4 5.08 6.30293 4.68722 6.28594 6.29558 4.23357 6.29053 
2.41 6.46 5.37 5.2505 4.67225 5.1 6.46 5.1443 6.36586 4.75056 6.29968 6.35856 4.29537 6.30506 
2.42 6.52 5.44 5.302 4.72501 5.2 6.52 5.2092 6.42892 4.81454 6.31251 6.42168 4.35778 6.31864 
2.43 6.58 5.51 5.3545 4.77829 5.3 6.58 5.2747 6.49211 4.87914 6.32442 6.48493 4.42082 6.33127 
2.44 6.64 5.58 5.408 4.83211 5.4 6.64 5.3408 6.55541 4.94438 6.33541 6.5483 4.48448 6.34296 
2.45 6.7 5.65 5.4625 4.88646 5.5 6.7 5.4075 6.61881 5.01025 6.34549 6.61179 4.54877 6.35371 
2.46 6.76 5.72 5.518 4.94136 5.6 6.76 5.4748 6.68231 5.07675 6.35465 6.67537 4.6137 6.36351 
2.47 6.82 5.79 5.5745 4.99682 5.7 6.82 5.5427 6.7459 5.1439 6.36289 6.73905 4.67927 6.37237 
2.48 6.88 5.86 5.632 5.05285 5.8 6.88 5.6112 6.80957 5.21167 6.37021 6.80282 4.74548 6.38028 
2.49 6.94 5.93 5.6905 5.10946 5.9 6.94 5.6803 6.8733 5.28009 6.37662 6.86666 4.81234 6.38725 
2.5 7 6 5.75 5.16667 6 7 5.75 6.9371 5.34914 6.38211 6.93056 4.87986 6.39328 
2.51 7.06 6.07 5.8105 5.22447 6.1 7.06 5.8203 7.00094 5.41883 6.38669 6.99452 4.94803 6.39836 
2.52 7.12 6.14 5.872 5.28288 6.2 7.12 5.8912 7.06483 5.48916 6.39034 7.05852 5.01687 6.4025 
2.53 7.18 6.21 5.9345 5.34191 6.3 7.18 5.9627 7.12875 5.56013 6.39308 7.12257 5.08638 6.4057 
2.54 7.24 6.28 5.998 5.40157 6.4 7.24 6.0348 7.19269 5.63173 6.3949 7.18663 5.15656 6.40795 
2.55 7.3 6.35 6.0625 5.46187 6.5 7.3 6.1075 7.25664 5.70398 6.39581 7.25072 5.22742 6.40926 
2.56 7.36 6.42 6.128 5.52283 6.6 7.36 6.1808 7.3206 5.77687 6.3958 7.31482 5.29896 6.40962 
2.57 7.42 6.49 6.1945 5.58444 6.7 7.42 6.2547 7.38455 5.85039 6.39487 7.37891 5.37118 6.40904 
2.58 7.48 6.56 6.262 5.64672 6.8 7.48 6.3292 7.44849 5.92456 6.39302 7.44299 5.4441 6.40752 
2.59 7.54 6.63 6.3305 5.70968 6.9 7.54 6.4043 7.51241 5.99936 6.39026 7.50706 5.51771 6.40505 
2.6 7.6 6.7 6.4 5.77333 7 7.6 6.48 7.5763 6.0748 6.38658 7.57109 5.59202 6.40164 
2.61 7.66 6.77 6.4705 5.83768 7.1 7.66 6.5563 7.64014 6.15089 6.38198 7.63509 5.66703 6.39728 
2.62 7.72 6.84 6.542 5.90275 7.2 7.72 6.6332 7.70393 6.22761 6.37647 7.69903 5.74275 6.39198 
2.63 7.78 6.91 6.6145 5.96853 7.3 7.78 6.7107 7.76767 6.30497 6.37004 7.76292 5.81919 6.38574 
2.64 7.84 6.98 6.688 6.03504 7.4 7.84 6.7888 7.83133 6.38296 6.36269 7.82675 5.89634 6.37855 
2.65 7.9 7.05 6.7625 6.10229 7.5 7.9 6.8675 7.89492 6.46159 6.35442 7.89049 5.9742 6.37042 
2.66 7.96 7.12 6.838 6.17029 7.6 7.96 6.9468 7.95842 6.54086 6.34524 7.95415 6.0528 6.36135 
2.67 8.02 7.19 6.9145 6.23905 7.7 8.02 7.0267 8.02182 6.62076 6.33514 8.01772 6.13211 6.35133 
2.68 8.08 7.26 6.992 6.30859 7.8 8.08 7.1072 8.08512 6.70129 6.32413 8.08118 6.21216 6.34037 
2.69 8.14 7.33 7.0705 6.3789 7.9 8.14 7.1883 8.1483 6.78246 6.31219 8.14452 6.29295 6.32846 
2.7 8.2 7.4 7.15 6.45 8 8.2 7.27 8.21136 6.86426 6.29934 8.20774 6.37447 6.31561 
2.71 8.26 7.47 7.2305 6.5219 8.1 8.26 7.3523 8.27428 6.94669 6.28557 8.27083 6.45673 6.30182 
2.72 8.32 7.54 7.312 6.59461 8.2 8.32 7.4352 8.33707 7.02975 6.27089 8.33377 6.53973 6.28708 
2.73 8.38 7.61 7.3945 6.66814 8.3 8.38 7.5187 8.3997 7.11343 6.25529 8.39657 6.62348 6.2714 
2.74 8.44 7.68 7.478 6.74251 8.4 8.44 7.6028 8.46217 7.19774 6.23877 8.4592 6.70799 6.25477 
2.75 8.5 7.75 7.5625 6.81771 8.5 8.5 7.6875 8.52447 7.28267 6.22133 8.52166 6.79324 6.2372 
2.76 8.56 7.82 7.648 6.89376 8.6 8.56 7.7728 8.58659 7.36823 6.20298 8.58394 6.87925 6.21869 
2.77 8.62 7.89 7.7345 6.97067 8.7 8.62 7.8587 8.64853 7.4544 6.18371 8.64603 6.96602 6.19923 
2.78 8.68 7.96 7.822 7.04845 8.8 8.68 7.9452 8.71026 7.5412 6.16352 8.70792 7.05354 6.17883 
2.79 8.74 8.03 7.9105 7.12711 8.9 8.74 8.0323 8.77179 7.62861 6.14242 8.7696 7.14183 6.15748 
2.8 8.8 8.1 8 7.20667 9 8.8 8.12 8.83311 7.71663 6.1204 8.83107 7.23089 6.13519 
2.81 8.86 8.17 8.0905 7.28712 9.1 8.86 8.2083 8.8942 7.80527 6.09746 8.8923 7.32071 6.11196 
2.82 8.92 8.24 8.182 7.36848 9.2 8.92 8.2972 8.95505 7.89452 6.0736 8.9533 7.41129 6.08779 
2.83 8.98 8.31 8.2745 7.45076 9.3 8.98 8.3867 9.01567 7.98437 6.04883 9.01406 7.50265 6.06266 
2.84 9.04 8.38 8.368 7.53397 9.4 9.04 8.4768 9.07603 8.07483 6.02314 9.07455 7.59478 6.0366 
2.85 9.1 8.45 8.4625 7.61812 9.5 9.1 8.5675 9.13613 8.16589 5.99653 9.13479 7.68767 6.00959 
2.86 9.16 8.52 8.558 7.70323 9.6 9.16 8.6588 9.19596 8.25755 5.96901 9.19474 7.78135 5.98164 
2.87 9.22 8.59 8.6545 7.78929 9.7 9.22 8.7507 9.2555 8.34981 5.94057 9.25442 7.87579 5.95274 
2.88 9.28 8.66 8.752 7.87632 9.8 9.28 8.8432 9.31476 8.44266 5.91121 9.31379 7.97101 5.9229 
2.89 9.34 8.73 8.8505 7.96433 9.9 9.34 8.9363 9.37373 8.5361 5.88094 9.37287 8.067 5.89212 
2.9 9.4 8.8 8.95 8.05333 10 9.4 9.03 9.43238 8.63013 5.84974 9.43163 8.16377 5.86039 
2.91 9.46 8.87 9.0505 8.14333 10.1 9.46 9.1243 9.49072 8.72475 5.81763 9.49008 8.26131 5.82772 
2.92 9.52 8.94 9.152 8.23435 10.2 9.52 9.2192 9.54873 8.81995 5.78461 9.54819 8.35963 5.7941 
2.93 9.58 9.01 9.2545 8.32638 10.3 9.58 9.3147 9.60641 8.91572 5.75067 9.60595 8.45872 5.75954 
2.94 9.64 9.08 9.358 8.41944 10.4 9.64 9.4108 9.66374 9.01207 5.7158 9.66337 8.55859 5.72404 
2.95 9.7 9.15 9.4625 8.51354 10.5 9.7 9.5075 9.72072 9.109 5.68003 9.72043 8.65922 5.68759 
2.96 9.76 9.22 9.568 8.60869 10.6 9.76 9.6048 9.77734 9.20649 5.64333 9.77712 8.76063 5.6502 
2.97 9.82 9.29 9.6745 8.7049 10.7 9.82 9.7027 9.83358 9.30454 5.60572 9.83343 8.86281 5.61187 
2.98 9.88 9.36 9.782 8.80219 10.8 9.88 9.8012 9.88945 9.40316 5.56719 9.88936 8.96576 5.57259 
2.99 9.94 9.43 9.8905 8.90055 10.9 9.94 9.9003 9.94492 9.50233 5.52775 9.94488 9.06947 5.53237 
3 10 9.5 10 9 11 10 10 10 9.60205 5.48738 10 9.17395 5.4912 
3.01 10.05 9.625 10.1094 9.10055 10.88 10.05 10.1002 10.0547 9.70233 5.44703 10.0547 9.27422 5.4506 
3.02 10.1 9.75 10.2176 9.20218 10.76 10.1 10.201 10.1089 9.80315 5.40761 10.109 9.37505 5.41094 
3.03 10.15 9.875 10.3246 9.3049 10.64 10.15 10.3022 10.1628 9.9045 5.36912 10.1629 9.47642 5.37222 
3.04 10.2 10 10.4304 9.40867 10.52 10.2 10.404 10.2163 10.0064 5.33156 10.2165 9.57834 5.33443 
3.05 10.25 10.125 10.535 9.5135 10.4 10.25 10.5062 10.2695 10.1088 5.29493 10.2696 9.68081 5.29758 
3.06 10.3 10.25 10.6384 9.61937 10.28 10.3 10.609 10.3222 10.2118 5.25924 10.3224 9.78382 5.26167 
3.07 10.35 10.375 10.7406 9.72626 10.16 10.35 10.7122 10.3746 10.3153 5.22447 10.3749 9.88738 5.2267 
3.08 10.4 10.5 10.8416 9.83418 10.04 10.4 10.816 10.4267 10.4193 5.19064 10.427 9.99149 5.19266 
3.09 10.45 10.625 10.9414 9.94309 9.92 10.45 10.9202 10.4785 10.5238 5.15775 10.4787 10.0961 5.15956 
3.1 10.5 10.75 11.04 10.053 9.8 10.5 11.025 10.5299 10.6288 5.12578 10.5301 10.2013 5.1274 
3.11 10.55 10.875 11.1374 10.1639 9.68 10.55 11.1302 10.581 10.7344 5.09475 10.5813 10.3071 5.09617 
3.12 10.6 11 11.2336 10.2757 9.56 10.6 11.236 10.6318 10.8405 5.06465 10.6321 10.4134 5.06588 
3.13 10.65 11.125 11.3286 10.3886 9.44 10.65 11.3422 10.6823 10.947 5.03548 10.6826 10.5202 5.03653 
3.14 10.7 11.25 11.4224 10.5023 9.32 10.7 11.449 10.7325 11.0541 5.00724 10.7328 10.6275 5.00812 
3.15 10.75 11.375 11.515 10.617 9.2 10.75 11.5562 10.7824 11.1617 4.97994 10.7828 10.7354 4.98064 
3.16 10.8 11.5 11.6064 10.7326 9.08 10.8 11.664 10.8321 11.2698 4.95357 10.8324 10.8438 4.9541 
3.17 10.85 11.625 11.6966 10.8491 8.96 10.85 11.7722 10.8815 11.3783 4.92813 10.8818 10.9528 4.9285 
3.18 10.9 11.75 11.7856 10.9665 8.84 10.9 11.881 10.9307 11.4874 4.90362 10.931 11.0623 4.90384 
3.19 10.95 11.875 11.8734 11.0848 8.72 10.95 11.9902 10.9796 11.5969 4.88004 10.9799 11.1723 4.88011 
3.2 11 12 11.96 11.204 8.6 11 12.1 11.0283 11.707 4.8574 11.0286 11.2828 4.85732 
3.21 11.05 12.125 12.0454 11.324 8.48 11.05 12.2102 11.0767 11.8175 4.83569 11.0771 11.3939 4.83547 
3.22 11.1 12.25 12.1296 11.4449 8.36 11.1 12.321 11.125 11.9285 4.81491 11.1253 11.5054 4.81455 
3.23 11.15 12.375 12.2126 11.5666 8.24 11.15 12.4322 11.173 12.04 4.79506 11.1734 11.6175 4.79457 
3.24 11.2 12.5 12.2944 11.6892 8.12 11.2 12.544 11.2209 12.152 4.77615 11.2212 11.7301 4.77553 
3.25 11.25 12.625 12.375 11.8125 8 11.25 12.6562 11.2686 12.2644 4.75817 11.2689 11.8433 4.75743 
3.26 11.3 12.75 12.4544 11.9366 7.88 11.3 12.769 11.3161 12.3773 4.74112 11.3164 11.9569 4.74026 
3.27 11.35 12.875 12.5326 12.0616 7.76 11.35 12.8822 11.3634 12.4907 4.725 11.3637 12.071 4.72403 
3.28 11.4 13 12.6096 12.1873 7.64 11.4 12.996 11.4106 12.6046 4.70981 11.4108 12.1857 4.70874 
3.29 11.45 13.125 12.6854 12.3138 7.52 11.45 13.1102 11.4576 12.719 4.69556 11.4579 12.3008 4.69439 
3.3 11.5 13.25 12.76 12.441 7.4 11.5 13.225 11.5045 12.8338 4.68224 11.5047 12.4165 4.68097 
3.31 11.55 13.375 12.8334 12.569 7.28 11.55 13.3402 11.5512 12.949 4.66985 11.5515 12.5326 4.66849 
3.32 11.6 13.5 12.9056 12.6977 7.16 11.6 13.456 11.5979 13.0648 4.65839 11.5981 12.6492 4.65695 
3.33 11.65 13.625 12.9766 12.8271 7.04 11.65 13.5722 11.6444 13.181 4.64787 11.6446 12.7664 4.64634 
3.34 11.7 13.75 13.0464 12.9572 6.92 11.7 13.689 11.6908 13.2977 4.63828 11.691 12.884 4.63668 
3.35 11.75 13.875 13.115 13.088 6.8 11.75 13.8062 11.7372 13.4148 4.62962 11.7374 13.0021 4.62795 
3.36 11.8 14 13.1824 13.2195 6.68 11.8 13.924 11.7834 13.5324 4.62189 11.7836 13.1206 4.62015 
3.37 11.85 14.125 13.2486 13.3516 6.56 11.85 14.0422 11.8296 13.6505 4.61509 11.8298 13.2397 4.6133 
3.38 11.9 14.25 13.3136 13.4845 6.44 11.9 14.161 11.8757 13.769 4.60923 11.8759 13.3592 4.60738 
3.39 11.95 14.375 13.3774 13.6179 6.32 11.95 14.2802 11.9218 13.888 4.6043 11.9219 13.4792 4.6024 
3.4 12 14.5 13.44 13.752 6.2 12 14.4 11.9678 14.0074 4.6003 11.9679 13.5997 4.59835 
3.41 12.05 14.625 13.5014 13.8867 6.08 12.05 14.5202 12.0138 14.1274 4.59723 12.0139 13.7207 4.59525 
3.42 12.1 14.75 13.5616 14.022 5.96 12.1 14.641 12.0598 14.2477 4.5951 12.0598 13.8421 4.59308 
3.43 12.15 14.875 13.6206 14.1579 5.84 12.15 14.7622 12.1057 14.3685 4.59389 12.1058 13.9639 4.59184 
3.44 12.2 15 13.6784 14.2944 5.72 12.2 14.884 12.1516 14.4898 4.59362 12.1517 14.0863 4.59155 
3.45 12.25 15.125 13.735 14.4315 5.6 12.25 15.0062 12.1976 14.6116 4.59429 12.1976 14.2091 4.59219 
3.46 12.3 15.25 13.7904 14.5691 5.48 12.3 15.129 12.2435 14.7338 4.59588 12.2435 14.3323 4.59377 
3.47 12.35 15.375 13.8446 14.7073 5.36 12.35 15.2522 12.2895 14.8565 4.59841 12.2895 14.456 4.59629 
3.48 12.4 15.5 13.8976 14.846 5.24 12.4 15.376 12.3355 14.9796 4.60187 12.3354 14.5802 4.59974 
3.49 12.45 15.625 13.9494 14.9853 5.12 12.45 15.5002 12.3815 15.1032 4.60626 12.3815 14.7047 4.60413 
3.5 12.5 15.75 14 15.125 5 12.5 15.625 12.4276 15.2272 4.61158 12.4275 14.8298 4.60946 
3.51 12.55 15.875 14.0494 15.2652 4.88 12.55 15.7502 12.4738 15.3517 4.61783 12.4737 14.9552 4.61573 
3.52 12.6 16 14.0976 15.406 4.76 12.6 15.876 12.52 15.4767 4.62502 12.5198 15.0812 4.62293 
3.53 12.65 16.125 14.1446 15.5472 4.64 12.65 16.0022 12.5663 15.6021 4.63314 12.5661 15.2075 4.63107 
3.54 12.7 16.25 14.1904 15.6889 4.52 12.7 16.129 12.6127 15.728 4.64219 12.6125 15.3343 4.64015 
3.55 12.75 16.375 14.235 15.831 4.4 12.75 16.2562 12.6591 15.8544 4.65218 12.6589 15.4615 4.65017 
3.56 12.8 16.5 14.2784 15.9736 4.28 12.8 16.384 12.7057 15.9812 4.66309 12.7055 15.5892 4.66112 
3.57 12.85 16.625 14.3206 16.1166 4.16 12.85 16.5122 12.7524 16.1085 4.67494 12.7522 15.7172 4.67301 
3.58 12.9 16.75 14.3616 16.26 4.04 12.9 16.641 12.7992 16.2362 4.68772 12.7989 15.8457 4.68584 
3.59 12.95 16.875 14.4014 16.4038 3.92 12.95 16.7702 12.8462 16.3645 4.70144 12.8459 15.9747 4.6996 
3.6 13 17 14.44 16.548 3.8 13 16.9 12.8932 16.4932 4.71608 12.8929 16.104 4.7143 
3.61 13.05 17.125 14.4774 16.6926 3.68 13.05 17.0302 12.9405 16.6223 4.73166 12.9402 16.2338 4.72994 
3.62 13.1 17.25 14.5136 16.8375 3.56 13.1 17.161 12.9879 16.752 4.74817 12.9875 16.364 4.74652 
3.63 13.15 17.375 14.5486 16.9829 3.44 13.15 17.2922 13.0354 16.8821 4.76561 13.0351 16.4946 4.76403 
3.64 13.2 17.5 14.5824 17.1285 3.32 13.2 17.424 13.0832 17.0127 4.78398 13.0828 16.6256 4.78248 
3.65 13.25 17.625 14.615 17.2745 3.2 13.25 17.5562 13.1311 17.1438 4.80329 13.1307 16.7571 4.80187 
3.66 13.3 17.75 14.6464 17.4208 3.08 13.3 17.689 13.1793 17.2753 4.82353 13.1789 16.889 4.8222 
3.67 13.35 17.875 14.6766 17.5674 2.96 13.35 17.8222 13.2276 17.4073 4.8447 13.2272 17.0213 4.84346 
3.68 13.4 18 14.7056 17.7143 2.84 13.4 17.956 13.2762 17.5399 4.8668 13.2757 17.1539 4.86566 
3.69 13.45 18.125 14.7334 17.8615 2.72 13.45 18.0902 13.3249 17.6729 4.88984 13.3245 17.2871 4.8888 
3.7 13.5 18.25 14.76 18.009 2.6 13.5 18.225 13.374 17.8064 4.9138 13.3735 17.4206 4.91287 
3.71 13.55 18.375 14.7854 18.1567 2.48 13.55 18.3602 13.4232 17.9403 4.9387 13.4228 17.5545 4.93788 
3.72 13.6 18.5 14.8096 18.3047 2.36 13.6 18.496 13.4727 18.0748 4.96453 13.4723 17.6889 4.96383 
3.73 13.65 18.625 14.8326 18.4529 2.24 13.65 18.6322 13.5225 18.2098 4.9913 13.522 17.8237 4.99072 
3.74 13.7 18.75 14.8544 18.6014 2.12 13.7 18.769 13.5726 18.3453 5.01899 13.5721 17.9589 5.01854 
3.75 13.75 18.875 14.875 18.75 2 13.75 18.9062 13.6229 18.4813 5.04762 13.6224 18.0945 5.0473 
3.76 13.8 19 14.8944 18.8988 1.88 13.8 19.044 13.6735 18.6177 5.07718 13.673 18.2305 5.077 
3.77 13.85 19.125 14.9126 19.0479 1.76 13.85 19.1822 13.7244 18.7547 5.10768 13.724 18.3669 5.10764 
3.78 13.9 19.25 14.9296 19.1971 1.64 13.9 19.321 13.7757 18.8922 5.1391 13.7752 18.5038 5.13921 
3.79 13.95 19.375 14.9454 19.3465 1.52 13.95 19.4602 13.8272 19.0302 5.17146 13.8268 18.6411 5.17172 
3.8 14 19.5 14.96 19.496 1.4 14 19.6 13.8791 19.1688 5.20475 13.8786 18.7788 5.20517 
3.81 14.05 19.625 14.9734 19.6457 1.28 14.05 19.7402 13.9313 19.3078 5.23897 13.9309 18.9169 5.23955 
3.82 14.1 19.75 14.9856 19.7955 1.16 14.1 19.881 13.9839 19.4474 5.27412 13.9834 19.0554 5.27487 
3.83 14.15 19.875 14.9966 19.9454 1.04 14.15 20.0222 14.0368 19.5875 5.31021 14.0364 19.1944 5.31113 
3.84 14.2 20 15.0064 20.0954 0.92 14.2 20.164 14.0901 19.7281 5.34723 14.0897 19.3338 5.34833 
3.85 14.25 20.125 15.015 20.2455 0.8 14.25 20.3062 14.1438 19.8693 5.38518 14.1433 19.4736 5.38646 
3.86 14.3 20.25 15.0224 20.3957 0.68 14.3 20.449 14.1978 20.011 5.42406 14.1974 19.6139 5.42553 
3.87 14.35 20.375 15.0286 20.5459 0.56 14.35 20.5922 14.2522 20.1533 5.46387 14.2518 19.7546 5.46554 
3.88 14.4 20.5 15.0336 20.6963 0.44 14.4 20.736 14.3071 20.2961 5.50462 14.3067 19.8958 5.50649 
3.89 14.45 20.625 15.0374 20.8466 0.32 14.45 20.8802 14.3623 20.4394 5.5463 14.362 20.0374 5.54837 
3.9 14.5 20.75 15.04 20.997 0.2 14.5 21.025 14.418 20.5833 5.58891 14.4177 20.1794 5.59119 
3.91 14.55 20.875 15.0414 21.1474 0.08 14.55 21.1702 14.4741 20.7278 5.63246 14.4738 20.3219 5.63495 
3.92 14.6 21 15.0416 21.2978 -0.04 14.6 21.316 14.5307 20.8728 5.67693 14.5304 20.4649 5.67964 
3.93 14.65 21.125 15.0406 21.4482 -0.16 14.65 21.4622 14.5877 21.0184 5.72234 14.5874 20.6083 5.72528 
3.94 14.7 21.25 15.0384 21.5986 -0.28 14.7 21.609 14.6451 21.1645 5.76868 14.6449 20.7522 5.77185 
3.95 14.75 21.375 15.035 21.749 -0.4 14.75 21.7562 14.703 21.3113 5.81595 14.7028 20.8966 5.81935 
3.96 14.8 21.5 15.0304 21.8993 -0.52 14.8 21.904 14.7614 21.4586 5.86416 14.7613 21.0414 5.8678 
3.97 14.85 21.625 15.0246 22.0496 -0.64 14.85 22.0522 14.8203 21.6065 5.91329 14.8202 21.1867 5.91718 
3.98 14.9 21.75 15.0176 22.1998 -0.76 14.9 22.201 14.8797 21.755 5.96336 14.8796 21.3325 5.9675 
3.99 14.95 21.875 15.0094 22.35 -0.88 14.95 22.3502 14.9396 21.9041 6.01436 14.9396 21.4788 6.01875 
4 15 22 15 22.5 -1 15 22.5 15 22.0538 6.0663 15 21.6256 6.07095 
4.01 15.06 22.18 14.9907 22.65 -0.86 15.06 22.6503 15.0609 22.2041 6.11789 15.061 21.7759 6.12284 
4.02 15.12 22.36 14.9828 22.7998 -0.72 15.12 22.8012 15.1224 22.355 6.16787 15.1225 21.9268 6.17311 
4.03 15.18 22.54 14.9763 22.9496 -0.58 15.18 22.9527 15.1843 22.5066 6.21624 15.1844 22.0784 6.22176 
4.04 15.24 22.72 14.9712 23.0993 -0.44 15.24 23.1048 15.2467 22.6587 6.263 15.2469 22.2305 6.26879 
4.05 15.3 22.9 14.9675 23.249 -0.3 15.3 23.2575 15.3095 22.8115 6.30815 15.3098 22.3832 6.31419 
4.06 15.36 23.08 14.9652 23.3987 -0.16 15.36 23.4108 15.3728 22.9649 6.35168 15.3732 22.5366 6.35796 
4.07 15.42 23.26 14.9643 23.5484 -0.02 15.42 23.5647 15.4366 23.119 6.39361 15.437 22.6905 6.40011 
4.08 15.48 23.44 14.9648 23.698 0.12 15.48 23.7192 15.5007 23.2736 6.43392 15.5012 22.8451 6.44064 
4.09 15.54 23.62 14.9667 23.8477 0.26 15.54 23.8743 15.5652 23.429 6.47262 15.5658 23.0003 6.47955 
4.1 15.6 23.8 14.97 23.9973 0.4 15.6 24.03 15.6301 23.5849 6.5097 15.6307 23.1561 6.51683 
4.11 15.66 23.98 14.9747 24.1471 0.54 15.66 24.1863 15.6954 23.7416 6.54518 15.6961 23.3125 6.55249 
4.12 15.72 24.16 14.9808 24.2968 0.68 15.72 24.3432 15.761 23.8989 6.57904 15.7618 23.4695 6.58652 
4.13 15.78 24.34 14.9883 24.4467 0.82 15.78 24.5007 15.827 24.0568 6.6113 15.8278 23.6272 6.61893 
4.14 15.84 24.52 14.9972 24.5966 0.96 15.84 24.6588 15.8933 24.2154 6.64194 15.8942 23.7854 6.64972 
4.15 15.9 24.7 15.0075 24.7466 1.1 15.9 24.8175 15.9598 24.3747 6.67097 15.9608 23.9443 6.67888 
4.16 15.96 24.88 15.0192 24.8968 1.24 15.96 24.9768 16.0267 24.5346 6.69838 16.0277 24.1038 6.70642 
4.17 16.02 25.06 15.0323 25.047 1.38 16.02 25.1367 16.0938 24.6952 6.72419 16.0949 24.264 6.73233 
4.18 16.08 25.24 15.0468 25.1974 1.52 16.08 25.2972 16.1612 24.8565 6.74838 16.1624 24.4248 6.75662 
4.19 16.14 25.42 15.0627 25.348 1.66 16.14 25.4583 16.2288 25.0184 6.77096 16.2301 24.5862 6.77929 
4.2 16.2 25.6 15.08 25.4987 1.8 16.2 25.62 16.2966 25.181 6.79193 16.298 24.7482 6.80034 
4.21 16.26 25.78 15.0987 25.6496 1.94 16.26 25.7823 16.3646 25.3444 6.81129 16.3661 24.9109 6.81975 
4.22 16.32 25.96 15.1188 25.8006 2.08 16.32 25.9452 16.4328 25.5083 6.82904 16.4343 25.0743 6.83755 
4.23 16.38 26.14 15.1403 25.9519 2.22 16.38 26.1087 16.5012 25.673 6.84517 16.5028 25.2382 6.85372 
4.24 16.44 26.32 15.1632 26.1035 2.36 16.44 26.2728 16.5697 25.8384 6.8597 16.5714 25.4029 6.86827 
4.25 16.5 26.5 15.1875 26.2552 2.5 16.5 26.4375 16.6383 26.0044 6.87261 16.6402 25.5681 6.8812 
4.26 16.56 26.68 15.2132 26.4072 2.64 16.56 26.6028 16.7071 26.1711 6.88391 16.709 25.734 6.8925 
4.27 16.62 26.86 15.2403 26.5595 2.78 16.62 26.7687 16.776 26.3385 6.8936 16.778 25.9006 6.90217 
4.28 16.68 27.04 15.2688 26.712 2.92 16.68 26.9352 16.845 26.5067 6.90167 16.8471 26.0679 6.91023 
4.29 16.74 27.22 15.2987 26.8649 3.06 16.74 27.1023 16.9141 26.6754 6.90814 16.9162 26.2357 6.91666 
4.3 16.8 27.4 15.33 27.018 3.2 16.8 27.27 16.9832 26.8449 6.91299 16.9854 26.4043 6.92146 
4.31 16.86 27.58 15.3627 27.1715 3.34 16.86 27.4383 17.0523 27.0151 6.91623 17.0546 26.5735 6.92464 
4.32 16.92 27.76 15.3968 27.3253 3.48 16.92 27.6072 17.1215 27.186 6.91786 17.1239 26.7434 6.9262 
4.33 16.98 27.94 15.4323 27.4794 3.62 16.98 27.7767 17.1907 27.3575 6.91788 17.1931 26.914 6.92614 
4.34 17.04 28.12 15.4692 27.6339 3.76 17.04 27.9468 17.2598 27.5298 6.91628 17.2624 27.0852 6.92445 
4.35 17.1 28.3 15.5075 27.7888 3.9 17.1 28.1175 17.329 27.7027 6.91308 17.3316 27.2571 6.92113 
4.36 17.16 28.48 15.5472 27.9441 4.04 17.16 28.2888 17.3981 27.8764 6.90826 17.4008 27.4297 6.9162 
4.37 17.22 28.66 15.5883 28.0997 4.18 17.22 28.4607 17.4671 28.0507 6.90183 17.4699 27.603 6.90963 
4.38 17.28 28.84 15.6308 28.2558 4.32 17.28 28.6332 17.5361 28.2257 6.89379 17.539 27.7769 6.90145 
4.39 17.34 29.02 15.6747 28.4124 4.46 17.34 28.8063 17.605 28.4014 6.88413 17.608 27.9515 6.89164 
4.4 17.4 29.2 15.72 28.5693 4.6 17.4 28.98 17.6738 28.5778 6.87287 17.6768 28.1269 6.88021 
4.41 17.46 29.38 15.7667 28.7268 4.74 17.46 29.1543 17.7425 28.7549 6.85999 17.7456 28.3029 6.86715 
4.42 17.52 29.56 15.8148 28.8847 4.88 17.52 29.3292 17.811 28.9327 6.8455 17.8142 28.4796 6.85247 
4.43 17.58 29.74 15.8643 29.0431 5.02 17.58 29.5047 17.8794 29.1111 6.8294 17.8826 28.657 6.83617 
4.44 17.64 29.92 15.9152 29.202 5.16 17.64 29.6808 17.9476 29.2903 6.81169 17.9509 28.8351 6.81824 
4.45 17.7 30.1 15.9675 29.3614 5.3 17.7 29.8575 18.0156 29.4701 6.79236 18.019 29.0139 6.79869 
4.46 17.76 30.28 16.0212 29.5213 5.44 17.76 30.0348 18.0834 29.6506 6.77143 18.0869 29.1933 6.77752 
4.47 17.82 30.46 16.0763 29.6818 5.58 17.82 30.2127 18.151 29.8317 6.74888 18.1545 29.3735 6.75472 
4.48 17.88 30.64 16.1328 29.8428 5.72 17.88 30.3912 18.2184 30.0136 6.72472 18.2219 29.5544 6.73029 
4.49 17.94 30.82 16.1907 30.0045 5.86 17.94 30.5703 18.2855 30.1961 6.69895 18.2891 29.736 6.70425 
4.5 18 31 16.25 30.1667 6 18 30.75 18.3524 30.3793 6.67157 18.356 29.9183 6.67658 
4.51 18.06 31.18 16.3107 30.3295 6.14 18.06 30.9303 18.4189 30.5631 6.64257 18.4226 30.1012 6.64728 
4.52 18.12 31.36 16.3728 30.4929 6.28 18.12 31.1112 18.4852 30.7477 6.61197 18.489 30.2849 6.61637 
4.53 18.18 31.54 16.4363 30.6569 6.42 18.18 31.2927 18.5512 30.9329 6.57975 18.555 30.4693 6.58382 
4.54 18.24 31.72 16.5012 30.8216 6.56 18.24 31.4748 18.6168 31.1187 6.54592 18.6206 30.6544 6.54966 
4.55 18.3 31.9 16.5675 30.987 6.7 18.3 31.6575 18.6821 31.3052 6.51048 18.686 30.8402 6.51387 
4.56 18.36 32.08 16.6352 31.153 6.84 18.36 31.8408 18.747 31.4923 6.47342 18.7509 31.0267 6.47646 
4.57 18.42 32.26 16.7043 31.3197 6.98 18.42 32.0247 18.8115 31.6801 6.43476 18.8155 31.2139 6.43742 
4.58 18.48 32.44 16.7748 31.4871 7.12 18.48 32.2092 18.8757 31.8686 6.39448 18.8797 31.4018 6.39676 
4.59 18.54 32.62 16.8467 31.6552 7.26 18.54 32.3943 18.9394 32.0576 6.35259 18.9434 31.5904 6.35448 
4.6 18.6 32.8 16.92 31.824 7.4 18.6 32.58 19.0027 32.2473 6.30909 19.0067 31.7796 6.31057 
4.61 18.66 32.98 16.9947 31.9936 7.54 18.66 32.7663 19.0656 32.4377 6.26398 19.0696 31.9696 6.26504 
4.62 18.72 33.16 17.0708 32.1639 7.68 18.72 32.9532 19.128 32.6287 6.21726 19.132 32.1603 6.21788 
4.63 18.78 33.34 17.1483 32.335 7.82 18.78 33.1407 19.1899 32.8202 6.16892 19.194 32.3517 6.1691 
4.64 18.84 33.52 17.2272 32.5069 7.96 18.84 33.3288 19.2514 33.0125 6.11897 19.2554 32.5437 6.1187 
4.65 18.9 33.7 17.3075 32.6795 8.1 18.9 33.5175 19.3123 33.2053 6.06741 19.3163 32.7364 6.06667 
4.66 18.96 33.88 17.3892 32.853 8.24 18.96 33.7068 19.3727 33.3987 6.01424 19.3767 32.9298 6.01302 
4.67 19.02 34.06 17.4723 33.0273 8.38 19.02 33.8967 19.4326 33.5927 5.95946 19.4366 33.1239 5.95775 
4.68 19.08 34.24 17.5568 33.2025 8.52 19.08 34.0872 19.4919 33.7873 5.90307 19.4959 33.3187 5.90085 
4.69 19.14 34.42 17.6427 33.3785 8.66 19.14 34.2783 19.5507 33.9826 5.84506 19.5546 33.5141 5.84233 
4.7 19.2 34.6 17.73 33.5553 8.8 19.2 34.47 19.6088 34.1784 5.78544 19.6127 33.7102 5.78218 
4.71 19.26 34.78 17.8187 33.7331 8.94 19.26 34.6623 19.6664 34.3747 5.72421 19.6702 33.907 5.72041 
4.72 19.32 34.96 17.9088 33.9117 9.08 19.32 34.8552 19.7233 34.5717 5.66137 19.7271 34.1044 5.65702 
4.73 19.38 35.14 18.0003 34.0913 9.22 19.38 35.0487 19.7796 34.7692 5.59692 19.7834 34.3024 5.592 
4.74 19.44 35.32 18.0932 34.2717 9.36 19.44 35.2428 19.8352 34.9673 5.53085 19.839 34.5011 5.52536 
4.75 19.5 35.5 18.1875 34.4531 9.5 19.5 35.4375 19.8902 35.1659 5.46318 19.8939 34.7005 5.45709 
4.76 19.56 35.68 18.2832 34.6355 9.64 19.56 35.6328 19.9445 35.3651 5.39389 19.9481 34.9004 5.3872 
4.77 19.62 35.86 18.3803 34.8188 9.78 19.62 35.8287 19.9981 35.5648 5.32299 20.0016 35.101 5.31569 
4.78 19.68 36.04 18.4788 35.0031 9.92 19.68 36.0252 20.0509 35.765 5.25047 20.0544 35.3022 5.24256 
4.79 19.74 36.22 18.5787 35.1884 10.06 19.74 36.2223 20.1031 35.9658 5.17635 20.1065 35.504 5.1678 
4.8 19.8 36.4 18.68 35.3747 10.2 19.8 36.42 20.1545 36.1671 5.10061 20.1578 35.7065 5.09141 
4.81 19.86 36.58 18.7827 35.562 10.34 19.86 36.6183 20.2051 36.3689 5.02327 20.2083 35.9094 5.0134 
4.82 19.92 36.76 18.8868 35.7503 10.48 19.92 36.8172 20.2549 36.5712 4.94431 20.258 36.113 4.93377 
4.83 19.98 36.94 18.9923 35.9397 10.62 19.98 37.0167 20.304 36.774 4.86374 20.307 36.3172 4.85252 
4.84 20.04 37.12 19.0992 36.1302 10.76 20.04 37.2168 20.3522 36.9773 4.78155 20.3551 36.5219 4.76964 
4.85 20.1 37.3 19.2075 36.3217 10.9 20.1 37.4175 20.3996 37.181 4.69776 20.4023 36.7271 4.68514 
4.86 20.16 37.48 19.3172 36.5143 11.04 20.16 37.6188 20.4461 37.3853 4.61235 20.4488 36.9329 4.59901 
4.87 20.22 37.66 19.4283 36.7081 11.18 20.22 37.8207 20.4918 37.5899 4.52533 20.4943 37.1392 4.51126 
4.88 20.28 37.84 19.5408 36.9029 11.32 20.28 38.0232 20.5366 37.7951 4.4367 20.539 37.3461 4.42189 
4.89 20.34 38.02 19.6547 37.0989 11.46 20.34 38.2263 20.5805 38.0007 4.34646 20.5827 37.5534 4.33089 
4.9 20.4 38.2 19.77 37.296 11.6 20.4 38.43 20.6236 38.2067 4.25461 20.6256 37.7612 4.23827 
4.91 20.46 38.38 19.8867 37.4943 11.74 20.46 38.6343 20.6656 38.4131 4.16114 20.6675 37.9695 4.14402 
4.92 20.52 38.56 20.0048 37.6937 11.88 20.52 38.8392 20.7068 38.62 4.06607 20.7085 38.1783 4.04815 
4.93 20.58 38.74 20.1243 37.8944 12.02 20.58 39.0447 20.747 38.8273 3.96938 20.7485 38.3875 3.95066 
4.94 20.64 38.92 20.2452 38.0962 12.16 20.64 39.2508 20.7862 39.0349 3.87108 20.7875 38.5971 3.85154 
4.95 20.7 39.1 20.3675 38.2993 12.3 20.7 39.4575 20.8244 39.243 3.77117 20.8255 38.8071 3.7508 
4.96 20.76 39.28 20.4912 38.5036 12.44 20.76 39.6648 20.8616 39.4514 3.66964 20.8625 39.0176 3.64844 
4.97 20.82 39.46 20.6163 38.7091 12.58 20.82 39.8727 20.8978 39.6602 3.56651 20.8985 39.2284 3.54445 
4.98 20.88 39.64 20.7428 38.9159 12.72 20.88 40.0812 20.9329 39.8694 3.46176 20.9334 39.4396 3.43884 
4.99 20.94 39.82 20.8707 39.124 12.86 20.94 40.2903 20.967 40.0789 3.3554 20.9672 39.6511 3.3316 
5 21 40 21 39.3333 13 21 40.5 21 40.2887 3.24743 21 39.863 3.22274 
5.01 20.97 40.195 21.1284 39.544 12.68 20.97 40.7098 21.0319 40.4989 3.13841 21.0317 40.0731 3.11285 
5.02 20.94 40.39 21.2536 39.7559 12.36 20.94 40.9194 21.0628 40.7094 3.0289 21.0623 40.2836 3.00252 
5.03 20.91 40.585 21.3756 39.969 12.04 20.91 41.1286 21.0925 40.9201 2.91891 21.0917 40.4944 2.89174 
5.04 20.88 40.78 21.4944 40.1834 11.72 20.88 41.3376 21.1211 41.1312 2.80844 21.1201 40.7056 2.78052 
5.05 20.85 40.975 21.61 40.3989 11.4 20.85 41.5462 21.1487 41.3425 2.69748 21.1473 40.917 2.66886 
5.06 20.82 41.17 21.7224 40.6156 11.08 20.82 41.7546 21.1751 41.5542 2.58603 21.1735 41.1288 2.55675 
5.07 20.79 41.365 21.8316 40.8334 10.76 20.79 41.9626 21.2004 41.766 2.4741 21.1985 41.3408 2.4442 
5.08 20.76 41.56 21.9376 41.0522 10.44 20.76 42.1704 21.2246 41.9782 2.36169 21.2223 41.5532 2.3312 
5.09 20.73 41.755 22.0404 41.2721 10.12 20.73 42.3778 21.2476 42.1905 2.24879 21.2451 41.7659 2.21776 
5.1 20.7 41.95 22.14 41.493 9.8 20.7 42.585 21.2695 42.4031 2.1354 21.2667 41.9789 2.10388 
5.11 20.67 42.145 22.2364 41.7149 9.48 20.67 42.7918 21.2903 42.6159 2.02153 21.2872 42.1922 1.98955 
5.12 20.64 42.34 22.3296 41.9377 9.16 20.64 42.9984 21.31 42.8289 1.90718 21.3065 42.4058 1.87478 
5.13 20.61 42.535 22.4196 42.1615 8.84 20.61 43.2046 21.3285 43.0421 1.79233 21.3247 42.6197 1.75957 
5.14 20.58 42.73 22.5064 42.3861 8.52 20.58 43.4106 21.3458 43.2555 1.67701 21.3417 42.8339 1.64391 
5.15 20.55 42.925 22.59 42.6116 8.2 20.55 43.6162 21.362 43.469 1.5612 21.3575 43.0483 1.52781 
5.16 20.52 43.12 22.6704 42.8379 7.88 20.52 43.8216 21.377 43.6827 1.4449 21.3722 43.263 1.41127 
5.17 20.49 43.315 22.7476 43.065 7.56 20.49 44.0266 21.3909 43.8966 1.32812 21.3858 43.478 1.29428 
5.18 20.46 43.51 22.8216 43.2928 7.24 20.46 44.2314 21.4036 44.1105 1.21085 21.3981 43.6932 1.17685 
5.19 20.43 43.705 22.8924 43.5214 6.92 20.43 44.4358 21.4151 44.3246 1.0931 21.4093 43.9087 1.05898 
5.2 20.4 43.9 22.96 43.7507 6.6 20.4 44.64 21.4255 44.5388 0.974861 21.4193 44.1245 0.940659 
5.21 20.37 44.095 23.0244 43.9806 6.28 20.37 44.8438 21.4346 44.7531 0.856138 21.4281 44.3404 0.821897 
5.22 20.34 44.29 23.0856 44.2111 5.96 20.34 45.0474 21.4426 44.9675 0.73693 21.4357 44.5566 0.702691 
5.23 20.31 44.485 23.1436 44.4423 5.64 20.31 45.2506 21.4494 45.182 0.617238 21.4422 44.773 0.583042 
5.24 20.28 44.68 23.1984 44.674 5.32 20.28 45.4536 21.4549 45.3965 0.49706 21.4474 44.9896 0.462949 
5.25 20.25 44.875 23.25 44.9062 5 20.25 45.6562 21.4593 45.6111 0.376397 21.4514 45.2064 0.342413 
5.26 20.22 45.07 23.2984 45.139 4.68 20.22 45.8586 21.4625 45.8257 0.255248 21.4542 45.4233 0.221433 
5.27 20.19 45.265 23.3436 45.3722 4.36 20.19 46.0606 21.4644 46.0403 0.133615 21.4558 45.6405 0.100009 
5.28 20.16 45.46 23.3856 45.6059 4.04 20.16 46.2624 21.4651 46.255 0.0114964 21.4562 45.8578 -0.021858 
5.29 20.13 45.655 23.4244 45.8399 3.72 20.13 46.4638 21.4646 46.4696 -0.111107 21.4554 46.0752 -0.144169 
5.3 20.1 45.85 23.46 46.0743 3.4 20.1 46.665 21.4629 46.6843 -0.234196 21.4534 46.2928 -0.266923 
5.31 20.07 46.045 23.4924 46.3091 3.08 20.07 46.8658 21.4599 46.8989 -0.35777 21.4501 46.5104 -0.390121 
5.32 20.04 46.24 23.5216 46.5442 2.76 20.04 47.0664 21.4557 47.1135 -0.481829 21.4455 46.7282 -0.513763 
5.33 20.01 46.435 23.5476 46.7795 2.44 20.01 47.2666 21.4503 47.328 -0.606373 21.4398 46.9461 -0.637848 
5.34 19.98 46.63 23.5704 47.0151 2.12 19.98 47.4666 21.4436 47.5425 -0.731403 21.4328 47.164 -0.762377 
5.35 19.95 46.825 23.59 47.2509 1.8 19.95 47.6662 21.4357 47.7569 -0.856917 21.4245 47.382 -0.887349 
5.36 19.92 47.02 23.6064 47.4869 1.48 19.92 47.8656 21.4265 47.9712 -0.982917 21.415 47.6 -1.01277 
5.37 19.89 47.215 23.6196 47.723 1.16 19.89 48.0646 21.416 48.1854 -1.1094 21.4043 47.818 -1.13862 
5.38 19.86 47.41 23.6296 47.9593 0.84 19.86 48.2634 21.4043 48.3995 -1.23637 21.3923 48.0361 -1.26493 
5.39 19.83 47.605 23.6364 48.1956 0.52 19.83 48.4618 21.3913 48.6135 -1.36383 21.379 48.2541 -1.39167 
5.4 19.8 47.8 23.64 48.432 0.2 19.8 48.66 21.377 48.8273 -1.49177 21.3644 48.4721 -1.51887 
5.41 19.77 47.995 23.6404 48.6684 -0.12 19.77 48.8578 21.3614 49.041 -1.62019 21.3486 48.6901 -1.6465 
5.42 19.74 48.19 23.6376 48.9048 -0.44 19.74 49.0554 21.3446 49.2545 -1.7491 21.3315 48.9079 -1.77458 
5.43 19.71 48.385 23.6316 49.1411 -0.76 19.71 49.2526 21.3265 49.4679 -1.8785 21.3131 49.1257 -1.9031 
5.44 19.68 48.58 23.6224 49.3774 -1.08 19.68 49.4496 21.307 49.6811 -2.00838 21.2934 49.3434 -2.03206 
5.45 19.65 48.775 23.61 49.6136 -1.4 19.65 49.6462 21.2863 49.894 -2.13875 21.2725 49.5609 -2.16147 
5.46 19.62 48.97 23.5944 49.8496 -1.72 19.62 49.8426 21.2643 50.1068 -2.2696 21.2502 49.7783 -2.29132 
5.47 19.59 49.165 23.5756 50.0855 -2.04 19.59 50.0386 21.2409 50.3193 -2.40093 21.2266 49.9955 -2.42162 
5.48 19.56 49.36 23.5536 50.3211 -2.36 19.56 50.2344 21.2162 50.5316 -2.53276 21.2018 50.2125 -2.55236 
5.49 19.53 49.555 23.5284 50.5565 -2.68 19.53 50.4298 21.1902 50.7436 -2.66506 21.1756 50.4293 -2.68354 
5.5 19.5 49.75 23.5 50.7917 -3 19.5 50.625 21.1629 50.9554 -2.79785 21.1481 50.6458 -2.81517 
5.51 19.47 49.945 23.4684 51.0265 -3.32 19.47 50.8198 21.1343 51.1669 -2.93113 21.1193 50.8621 -2.94724 
5.52 19.44 50.14 23.4336 51.261 -3.64 19.44 51.0144 21.1043 51.3781 -3.06489 21.0892 51.078 -3.07975 
5.53 19.41 50.335 23.3956 51.4952 -3.96 19.41 51.2086 21.073 51.589 -3.19914 21.0577 51.2937 -3.21271 
5.54 19.38 50.53 23.3544 51.7289 -4.28 19.38 51.4026 21.0403 51.7995 -3.33387 21.0249 51.509 -3.34611 
5.55 19.35 50.725 23.31 51.9622 -4.6 19.35 51.5962 21.0063 52.0098 -3.46909 20.9908 51.7239 -3.47995 
5.56 19.32 50.92 23.2624 52.1951 -4.92 19.32 51.7896 20.9709 52.2197 -3.60479 20.9553 51.9384 -3.61424 
5.57 19.29 51.115 23.2116 52.4275 -5.24 19.29 51.9826 20.9342 52.4292 -3.74098 20.9185 52.1525 -3.74897 
5.58 19.26 51.31 23.1576 52.6593 -5.56 19.26 52.1754 20.8961 52.6383 -3.87765 20.8803 52.3661 -3.88415 
5.59 19.23 51.505 23.1004 52.8906 -5.88 19.23 52.3678 20.8567 52.8471 -4.01481 20.8408 52.5792 -4.01977 
5.6 19.2 51.7 23.04 53.1213 -6.2 19.2 52.56 20.8158 53.0555 -4.15246 20.7999 52.7918 -4.15583 
5.61 19.17 51.895 22.9764 53.3514 -6.52 19.17 52.7518 20.7736 53.2634 -4.29058 20.7577 53.0039 -4.29233 
5.62 19.14 52.09 22.9096 53.5809 -6.84 19.14 52.9434 20.73 53.4709 -4.4292 20.7141 53.2154 -4.42928 
5.63 19.11 52.285 22.8396 53.8096 -7.16 19.11 53.1346 20.685 53.678 -4.5683 20.6691 53.4263 -4.56668 
5.64 19.08 52.48 22.7664 54.0376 -7.48 19.08 53.3256 20.6386 53.8846 -4.70788 20.6227 53.6365 -4.70451 
5.65 19.05 52.675 22.69 54.2649 -7.8 19.05 53.5162 20.5909 54.0908 -4.84795 20.575 53.8461 -4.84279 
5.66 19.02 52.87 22.6104 54.4914 -8.12 19.02 53.7066 20.5417 54.2964 -4.9885 20.5259 54.0549 -4.98152 
5.67 18.99 53.065 22.5276 54.7171 -8.44 18.99 53.8966 20.4911 54.5016 -5.12954 20.4754 54.2631 -5.12069 
5.68 18.96 53.26 22.4416 54.942 -8.76 18.96 54.0864 20.4391 54.7063 -5.27107 20.4235 54.4704 -5.2603 
5.69 18.93 53.455 22.3524 55.1659 -9.08 18.93 54.2758 20.3857 54.9104 -5.41308 20.3702 54.6769 -5.40035 
5.7 18.9 53.65 22.26 55.389 -9.4 18.9 54.465 20.3308 55.114 -5.55557 20.3155 54.8826 -5.54085 
5.71 18.87 53.845 22.1644 55.6111 -9.72 18.87 54.6538 20.2746 55.317 -5.69855 20.2593 55.0875 -5.68179 
5.72 18.84 54.04 22.0656 55.8323 -10.04 18.84 54.8424 20.2168 55.5194 -5.84202 20.2018 55.2914 -5.82318 
5.73 18.81 54.235 21.9636 56.0524 -10.36 18.81 55.0306 20.1577 55.7213 -5.98597 20.1429 55.4943 -5.96501 
5.74 18.78 54.43 21.8584 56.2715 -10.68 18.78 55.2186 20.0971 55.9226 -6.1304 20.0825 55.6963 -6.10728 
5.75 18.75 54.625 21.75 56.4896 -11 18.75 55.4062 20.0351 56.1233 -6.27532 20.0207 55.8972 -6.25 
5.76 18.72 54.82 21.6384 56.7065 -11.32 18.72 55.5936 19.9716 56.3233 -6.42073 19.9575 56.0971 -6.39316 
5.77 18.69 55.015 21.5236 56.9223 -11.64 18.69 55.7806 19.9067 56.5227 -6.56662 19.8929 56.2958 -6.53676 
5.78 18.66 55.21 21.4056 57.137 -11.96 18.66 55.9674 19.8403 56.7214 -6.713 19.8268 56.4934 -6.68081 
5.79 18.63 55.405 21.2844 57.3504 -12.28 18.63 56.1538 19.7724 56.9195 -6.85986 19.7593 56.6898 -6.8253 
5.8 18.6 55.6 21.16 57.5627 -12.6 18.6 56.34 19.7031 57.1169 -7.0072 19.6903 56.885 -6.97023 
5.81 18.57 55.795 21.0324 57.7736 -12.92 18.57 56.5258 19.6323 57.3135 -7.15504 19.6198 57.0789 -7.11561 
5.82 18.54 55.99 20.9016 57.9833 -13.24 18.54 56.7114 19.56 57.5095 -7.30335 19.548 57.2716 -7.26143 
5.83 18.51 56.185 20.7676 58.1917 -13.56 18.51 56.8966 19.4862 57.7047 -7.45215 19.4746 57.4628 -7.4077 
5.84 18.48 56.38 20.6304 58.3986 -13.88 18.48 57.0816 19.4109 57.8992 -7.60144 19.3998 57.6527 -7.55441 
5.85 18.45 56.575 20.49 58.6042 -14.2 18.45 57.2662 19.3342 58.093 -7.75121 19.3235 57.8411 -7.70156 
5.86 18.42 56.77 20.3464 58.8084 -14.52 18.42 57.4506 19.2559 58.2859 -7.90147 19.2458 58.028 -7.84915 
5.87 18.39 56.965 20.1996 59.0112 -14.84 18.39 57.6346 19.1761 58.4781 -8.05221 19.1665 58.2134 -7.99719 
5.88 18.36 57.16 20.0496 59.2124 -15.16 18.36 57.8184 19.0949 58.6694 -8.20344 19.0858 58.3972 -8.14568 
5.89 18.33 57.355 19.8964 59.4121 -15.48 18.33 58.0018 19.0121 58.86 -8.35515 19.0036 58.5793 -8.2946 
5.9 18.3 57.55 19.74 59.6103 -15.8 18.3 58.185 18.9278 59.0497 -8.50735 18.9199 58.7598 -8.44397 
5.91 18.27 57.745 19.5804 59.8069 -16.12 18.27 58.3678 18.8419 59.2385 -8.66003 18.8347 58.9386 -8.59379 
5.92 18.24 57.94 19.4176 60.0019 -16.44 18.24 58.5504 18.7546 59.4265 -8.8132 18.7481 59.1156 -8.74405 
5.93 18.21 58.135 19.2516 60.1953 -16.76 18.21 58.7326 18.6657 59.6136 -8.96685 18.6599 59.2908 -8.89475 
5.94 18.18 58.33 19.0824 60.387 -17.08 18.18 58.9146 18.5752 59.7998 -9.12099 18.5702 59.4641 -9.04589 
5.95 18.15 58.525 18.91 60.5769 -17.4 18.15 59.0962 18.4832 59.9851 -9.27562 18.4789 59.6355 -9.19748 
5.96 18.12 58.72 18.7344 60.7651 -17.72 18.12 59.2776 18.3897 60.1695 -9.43073 18.3862 59.8049 -9.34951 
5.97 18.09 58.915 18.5556 60.9516 -18.04 18.09 59.4586 18.2946 60.3529 -9.58632 18.292 59.9723 -9.50199 
5.98 18.06 59.11 18.3736 61.1362 -18.36 18.06 59.6394 18.198 60.5353 -9.7424 18.1962 60.1376 -9.65491 
5.99 18.03 59.305 18.1884 61.3191 -18.68 18.03 59.8198 18.0998 60.7168 -9.89896 18.0989 60.3007 -9.80827 
6 18 59.5 18 61.5 -19 18 60 18 60.8973 -10.056 18 60.4617 -9.96208 
6.01 17.89 59.625 17.8108 61.6791 -18.84 17.89 60.1794 17.8987 61.0768 -10.2112 17.8996 60.6412 -10.1141 
6.02 17.78 59.75 17.6232 61.8562 -18.68 17.78 60.3578 17.7958 61.2553 -10.3623 17.7977 60.8197 -10.2621 
6.03 17.67 59.875 17.4372 62.0315 -18.52 17.67 60.535 17.6914 61.4327 -10.5092 17.6944 60.9972 -10.4062 
6.04 17.56 60 17.2528 62.205 -18.36 17.56 60.7112 17.5856 61.6091 -10.652 17.5896 61.1737 -10.5462 
6.05 17.45 60.125 17.07 62.3766 -18.2 17.45 60.8862 17.4784 61.7844 -10.7906 17.4835 61.3493 -10.6822 
6.06 17.34 60.25 16.8888 62.5464 -18.04 17.34 61.0602 17.3698 61.9587 -10.925 17.376 61.5238 -10.8143 
6.07 17.23 60.375 16.7092 62.7144 -17.88 17.23 61.233 17.2599 62.1318 -11.0553 17.2672 61.6973 -10.9423 
6.08 17.12 60.5 16.5312 62.8806 -17.72 17.12 61.4048 17.1487 62.3039 -11.1815 17.1572 61.8697 -11.0664 
6.09 17.01 60.625 16.3548 63.045 -17.56 17.01 61.5754 17.0363 62.4748 -11.3035 17.0459 62.0412 -11.1864 
6.1 16.9 60.75 16.18 63.2077 -17.4 16.9 61.745 16.9227 62.6446 -11.4213 16.9334 62.2117 -11.3025 
6.11 16.79 60.875 16.0068 63.3686 -17.24 16.79 61.9134 16.8079 62.8133 -11.535 16.8199 62.3811 -11.4145 
6.12 16.68 61 15.8352 63.5278 -17.08 16.68 62.0808 16.692 62.9808 -11.6445 16.7052 62.5495 -11.5226 
6.13 16.57 61.125 15.6652 63.6853 -16.92 16.57 62.247 16.575 63.1471 -11.7499 16.5894 62.7169 -11.6266 
6.14 16.46 61.25 15.4968 63.8411 -16.76 16.46 62.4122 16.457 63.3123 -11.8512 16.4726 62.8832 -11.7267 
6.15 16.35 61.375 15.33 63.9952 -16.6 16.35 62.5762 16.338 63.4762 -11.9482 16.3549 63.0485 -11.8227 
6.16 16.24 61.5 15.1648 64.1477 -16.44 16.24 62.7392 16.2181 63.639 -12.0412 16.2362 63.2127 -11.9148 
6.17 16.13 61.625 15.0012 64.2986 -16.28 16.13 62.901 16.0972 63.8006 -12.13 16.1166 63.3759 -12.0028 
6.18 16.02 61.75 14.8392 64.4478 -16.12 16.02 63.0618 15.9755 63.961 -12.2146 15.9962 63.538 -12.0869 
6.19 15.91 61.875 14.6788 64.5953 -15.96 15.91 63.2214 15.8529 64.1201 -12.2951 15.8749 63.699 -12.167 
6.2 15.8 62 14.52 64.7413 -15.8 15.8 63.38 15.7296 64.278 -12.3714 15.7528 63.8589 -12.243 
6.21 15.69 62.125 14.3628 64.8857 -15.64 15.69 63.5374 15.6055 64.4347 -12.4435 15.63 64.0177 -12.3151 
6.22 15.58 62.25 14.2072 65.0286 -15.48 15.58 63.6938 15.4807 64.5901 -12.5116 15.5065 64.1755 -12.3832 
6.23 15.47 62.375 14.0532 65.1699 -15.32 15.47 63.849 15.3553 64.7443 -12.5754 15.3824 64.3321 -12.4472 
6.24 15.36 62.5 13.9008 65.3097 -15.16 15.36 64.0032 15.2292 64.8972 -12.6351 15.2576 64.4876 -12.5073 
6.25 15.25 62.625 13.75 65.4479 -15 15.25 64.1562 15.1026 65.0489 -12.6907 15.1323 64.642 -12.5634 
6.26 15.14 62.75 13.6008 65.5847 -14.84 15.14 64.3082 14.9754 65.1993 -12.7421 15.0064 64.7952 -12.6155 
6.27 15.03 62.875 13.4532 65.7199 -14.68 15.03 64.459 14.8478 65.3484 -12.7894 14.88 64.9473 -12.6635 
6.28 14.92 63 13.3072 65.8537 -14.52 14.92 64.6088 14.7197 65.4962 -12.8325 14.7531 65.0983 -12.7076 
6.29 14.81 63.125 13.1628 65.9861 -14.36 14.81 64.7574 14.5911 65.6428 -12.8714 14.6258 65.2481 -12.7477 
6.3 14.7 63.25 13.02 66.117 -14.2 14.7 64.905 14.4622 65.788 -12.9062 14.4982 65.3967 -12.7838 
6.31 14.59 63.375 12.8788 66.2465 -14.04 14.59 65.0514 14.333 65.932 -12.9368 14.3702 65.5441 -12.8159 
6.32 14.48 63.5 12.7392 66.3746 -13.88 14.48 65.1968 14.2035 66.0747 -12.9633 14.2419 65.6903 -12.844 
6.33 14.37 63.625 12.6012 66.5013 -13.72 14.37 65.341 14.0738 66.2161 -12.9857 14.1133 65.8354 -12.868 
6.34 14.26 63.75 12.4648 66.6266 -13.56 14.26 65.4842 13.9438 66.3562 -13.0039 13.9845 65.9792 -12.8881 
6.35 14.15 63.875 12.33 66.7506 -13.4 14.15 65.6262 13.8137 66.495 -13.0179 13.8555 66.1218 -12.9042 
6.36 14.04 64 12.1968 66.8732 -13.24 14.04 65.7672 13.6835 66.6325 -13.0278 13.7264 66.2631 -12.9163 
6.37 13.93 64.125 12.0652 66.9945 -13.08 13.93 65.907 13.5532 66.7686 -13.0335 13.5972 66.4033 -12.9244 
6.38 13.82 64.25 11.9352 67.1145 -12.92 13.82 66.0458 13.4228 66.9035 -13.0351 13.468 66.5421 -12.9285 
6.39 13.71 64.375 11.8068 67.2332 -12.76 13.71 66.1834 13.2925 67.0371 -13.0325 13.3387 66.6797 -12.9286 
6.4 13.6 64.5 11.68 67.3507 -12.6 13.6 66.32 13.1622 67.1694 -13.0258 13.2094 66.8161 -12.9247 
6.41 13.49 64.625 11.5548 67.4668 -12.44 13.49 66.4554 13.032 67.3003 -13.0149 13.0802 66.9512 -12.9168 
6.42 13.38 64.75 11.4312 67.5818 -12.28 13.38 66.5898 12.9019 67.43 -12.9999 12.9511 67.085 -12.9049 
6.43 13.27 64.875 11.3092 67.6955 -12.12 13.27 66.723 12.772 67.5584 -12.9807 12.8221 67.2175 -12.8891 
6.44 13.16 65 11.1888 67.808 -11.96 13.16 66.8552 12.6423 67.6854 -12.9574 12.6933 67.3486 -12.8692 
6.45 13.05 65.125 11.07 67.9192 -11.8 13.05 66.9862 12.5129 67.8112 -12.9299 12.5647 67.4785 -12.8453 
6.46 12.94 65.25 10.9528 68.0294 -11.64 12.94 67.1162 12.3837 67.9357 -12.8982 12.4364 67.6071 -12.8174 
6.47 12.83 65.375 10.8372 68.1383 -11.48 12.83 67.245 12.2549 68.0589 -12.8624 12.3084 67.7343 -12.7855 
6.48 12.72 65.5 10.7232 68.2461 -11.32 12.72 67.3728 12.1265 68.1808 -12.8225 12.1807 67.8603 -12.7496 
6.49 12.61 65.625 10.6108 68.3528 -11.16 12.61 67.4994 11.9985 68.3014 -12.7784 12.0534 67.9848 -12.7097 
6.5 12.5 65.75 10.5 68.4583 -11 12.5 67.625 11.8709 68.4208 -12.7302 11.9265 68.1081 -12.6659 
6.51 12.39 65.875 10.3908 68.5628 -10.84 12.39 67.7494 11.7439 68.5389 -12.6777 11.8001 68.23 -12.618 
6.52 12.28 66 10.2832 68.6662 -10.68 12.28 67.8728 11.6174 68.6557 -12.6212 11.6742 68.3505 -12.5661 
6.53 12.17 66.125 10.1772 68.7685 -10.52 12.17 67.995 11.4915 68.7712 -12.5605 11.5488 68.4697 -12.5103 
6.54 12.06 66.25 10.0728 68.8697 -10.36 12.06 68.1162 11.3662 68.8855 -12.4956 11.424 68.5875 -12.4504 
6.55 11.95 66.375 9.97 68.9699 -10.2 11.95 68.2362 11.2416 68.9985 -12.4266 11.2998 68.7039 -12.3865 
6.56 11.84 66.5 9.8688 69.0691 -10.04 11.84 68.3552 11.1177 69.1103 -12.3535 11.1763 68.8189 -12.3186 
6.57 11.73 66.625 9.7692 69.1673 -9.88 11.73 68.473 10.9945 69.2209 -12.2761 11.0535 68.9326 -12.2468 
6.58 11.62 66.75 9.6712 69.2645 -9.72 11.62 68.5898 10.8722 69.3302 -12.1947 10.9314 69.0449 -12.1709 
6.59 11.51 66.875 9.5748 69.3607 -9.56 11.51 68.7054 10.7506 69.4383 -12.109 10.8101 69.1558 -12.0911 
6.6 11.4 67 9.48 69.456 -9.4 11.4 68.82 10.63 69.5452 -12.0193 10.6896 69.2654 -12.0072 
6.61 11.29 67.125 9.3868 69.5503 -9.24 11.29 68.9334 10.5103 69.6509 -11.9253 10.5699 69.3735 -11.9193 
6.62 11.18 67.25 9.2952 69.6437 -9.08 11.18 69.0458 10.3915 69.7554 -11.8273 10.4512 69.4803 -11.8275 
6.63 11.07 67.375 9.2052 69.7362 -8.92 11.07 69.157 10.2737 69.8588 -11.725 10.3334 69.5857 -11.7316 
6.64 10.96 67.5 9.1168 69.8279 -8.76 10.96 69.2672 10.157 69.9609 -11.6187 10.2166 69.6897 -11.6318 
6.65 10.85 67.625 9.03 69.9186 -8.6 10.85 69.3762 10.0414 70.0619 -11.5081 10.1008 69.7923 -11.5279 
6.66 10.74 67.75 8.9448 70.0085 -8.44 10.74 69.4842 9.92686 70.1617 -11.3934 9.98602 69.8935 -11.4201 
6.67 10.63 67.875 8.8612 70.0975 -8.28 10.63 69.591 9.81352 70.2604 -11.2746 9.87238 69.9933 -11.3082 
6.68 10.52 68 8.7792 70.1857 -8.12 10.52 69.6968 9.70138 70.358 -11.1516 9.75987 70.0918 -11.1924 
6.69 10.41 68.125 8.6988 70.2731 -7.96 10.41 69.8014 9.5905 70.4545 -11.0245 9.64854 70.1889 -11.0726 
6.7 10.3 68.25 8.62 70.3597 -7.8 10.3 69.905 9.48091 70.5498 -10.8932 9.53843 70.2846 -10.9487 
6.71 10.19 68.375 8.5428 70.4455 -7.64 10.19 70.0074 9.37265 70.6441 -10.7577 9.42958 70.379 -10.8209 
6.72 10.08 68.5 8.4672 70.5305 -7.48 10.08 70.1088 9.26577 70.7373 -10.6181 9.32203 70.472 -10.6891 
6.73 9.97 68.625 8.3932 70.6148 -7.32 9.97 70.209 9.1603 70.8294 -10.4743 9.21581 70.5637 -10.5532 
6.74 9.86 68.75 8.3208 70.6984 -7.16 9.86 70.3082 9.0563 70.9205 -10.3264 9.11098 70.654 -10.4134 
6.75 9.75 68.875 8.25 70.7812 -7 9.75 70.4062 8.95379 71.0106 -10.1744 9.00756 70.7429 -10.2696 
6.76 9.64 69 8.1808 70.8634 -6.84 9.64 70.5032 8.85282 71.0996 -10.0182 8.9056 70.8306 -10.1217 
6.77 9.53 69.125 8.1132 70.9449 -6.68 9.53 70.599 8.75344 71.1876 -9.8578 8.80514 70.917 -9.96991 
6.78 9.42 69.25 8.0472 71.0257 -6.52 9.42 70.6938 8.65568 71.2747 -9.69329 8.70621 71.002 -9.81408 
6.79 9.31 69.375 7.9828 71.1058 -6.36 9.31 70.7874 8.55959 71.3607 -9.52462 8.60887 71.0858 -9.65426 
6.8 9.2 69.5 7.92 71.1853 -6.2 9.2 70.88 8.4652 71.4459 -9.3518 8.51314 71.1682 -9.49044 
6.81 9.09 69.625 7.8588 71.2642 -6.04 9.09 70.9714 8.37256 71.53 -9.17483 8.41907 71.2494 -9.32262 
6.82 8.98 69.75 7.7992 71.3425 -5.88 8.98 71.0618 8.28172 71.6133 -8.9937 8.3267 71.3294 -9.15081 
6.83 8.87 69.875 7.7412 71.4202 -5.72 8.87 71.151 8.1927 71.6957 -8.80842 8.23607 71.4082 -8.97499 
6.84 8.76 70 7.6848 71.4973 -5.56 8.76 71.2392 8.10556 71.7772 -8.61899 8.14722 71.4857 -8.79518 
6.85 8.65 70.125 7.63 71.5739 -5.4 8.65 71.3262 8.02034 71.8578 -8.42541 8.06018 71.562 -8.61137 
6.86 8.54 70.25 7.5768 71.6499 -5.24 8.54 71.4122 7.93707 71.9376 -8.22767 7.975 71.6372 -8.42356 
6.87 8.43 70.375 7.5252 71.7255 -5.08 8.43 71.497 7.8558 72.0166 -8.02579 7.89172 71.7112 -8.23175 
6.88 8.32 70.5 7.4752 71.8005 -4.92 8.32 71.5808 7.77657 72.0947 -7.81975 7.81038 71.784 -8.03595 
6.89 8.21 70.625 7.4268 71.875 -4.76 8.21 71.6634 7.69942 72.1721 -7.60955 7.73102 71.8558 -7.83615 
6.9 8.1 70.75 7.38 71.949 -4.6 8.1 71.745 7.62439 72.2487 -7.39521 7.65367 71.9265 -7.63235 
6.91 7.99 70.875 7.3348 72.0226 -4.44 7.99 71.8254 7.55153 72.3246 -7.17671 7.57838 71.9961 -7.42455 
6.92 7.88 71 7.2912 72.0957 -4.28 7.88 71.9048 7.48087 72.3997 -6.95406 7.50519 72.0646 -7.21275 
6.93 7.77 71.125 7.2492 72.1684 -4.12 7.77 71.983 7.41246 72.4742 -6.72726 7.43414 72.1322 -6.99695 
6.94 7.66 71.25 7.2088 72.2407 -3.96 7.66 72.0602 7.34634 72.548 -6.49631 7.36527 72.1988 -6.77716 
6.95 7.55 71.375 7.17 72.3126 -3.8 7.55 72.1362 7.28255 72.6211 -6.2612 7.29861 72.2644 -6.55337 
6.96 7.44 71.5 7.1328 72.3841 -3.64 7.44 72.2112 7.22113 72.6937 -6.02194 7.23421 72.3291 -6.32558 
6.97 7.33 71.625 7.0972 72.4552 -3.48 7.33 72.285 7.16212 72.7656 -5.77853 7.17211 72.3929 -6.09379 
6.98 7.22 71.75 7.0632 72.526 -3.32 7.22 72.3578 7.10557 72.8369 -5.53097 7.11235 72.4559 -5.85801 
6.99 7.11 71.875 7.0308 72.5965 -3.16 7.11 72.4294 7.05152 72.9077 -5.27925 7.05497 72.5181 -5.61822 
7 7 72 7 72.6667 -3 7 72.5 7 72.978 -5.02338 7 72.5794 -5.37444 
7.01 7.03 72.085 6.9706 72.7365 -2.88 7.03 72.5701 6.95105 73.0477 -4.7669 6.94748 72.6491 -5.12984 
7.02 7.06 72.17 6.9424 72.8061 -2.76 7.06 72.6406 6.90465 73.117 -4.51334 6.8974 72.7183 -4.88758 
7.03 7.09 72.255 6.9154 72.8754 -2.64 7.09 72.7113 6.86077 73.1858 -4.26271 6.84972 72.787 -4.64767 
7.04 7.12 72.34 6.8896 72.9444 -2.52 7.12 72.7824 6.81939 73.2542 -4.015 6.80443 72.8551 -4.41011 
7.05 7.15 72.425 6.865 73.0132 -2.4 7.15 72.8537 6.78046 73.3222 -3.77021 6.76151 72.9227 -4.1749 
7.06 7.18 72.51 6.8416 73.0817 -2.28 7.18 72.9254 6.74397 73.3898 -3.52835 6.72093 72.9898 -3.94204 
7.07 7.21 72.595 6.8194 73.15 -2.16 7.21 72.9973 6.70989 73.4571 -3.28942 6.68266 73.0563 -3.71152 
7.08 7.24 72.68 6.7984 73.2181 -2.04 7.24 73.0696 6.67818 73.524 -3.0534 6.64669 73.1224 -3.48336 
7.09 7.27 72.765 6.7786 73.286 -1.92 7.27 73.1421 6.64881 73.5907 -2.82032 6.61299 73.1879 -3.25754 
7.1 7.3 72.85 6.76 73.3537 -1.8 7.3 73.215 6.62176 73.657 -2.59015 6.58153 73.2529 -3.03407 
7.11 7.33 72.935 6.7426 73.4212 -1.68 7.33 73.2881 6.597 73.7231 -2.36291 6.5523 73.3175 -2.81295 
7.12 7.36 73.02 6.7264 73.4885 -1.56 7.36 73.3616 6.57449 73.789 -2.1386 6.52526 73.3815 -2.59418 
7.13 7.39 73.105 6.7114 73.5557 -1.44 7.39 73.4353 6.55422 73.8546 -1.91721 6.50041 73.4451 -2.37776 
7.14 7.42 73.19 6.6976 73.6228 -1.32 7.42 73.5094 6.53614 73.92 -1.69874 6.4777 73.5083 -2.16369 
7.15 7.45 73.275 6.685 73.6897 -1.2 7.45 73.5837 6.52023 73.9853 -1.4832 6.45713 73.571 -1.95197 
7.16 7.48 73.36 6.6736 73.7565 -1.08 7.48 73.6584 6.50646 74.0505 -1.27058 6.43865 73.6332 -1.74259 
7.17 7.51 73.445 6.6634 73.8231 -0.96 7.51 73.7333 6.49481 74.1155 -1.06089 6.42227 73.695 -1.53556 
7.18 7.54 73.53 6.6544 73.8897 -0.84 7.54 73.8086 6.48524 74.1804 -0.854118 6.40794 73.7565 -1.33089 
7.19 7.57 73.615 6.6466 73.9562 -0.72 7.57 73.8841 6.47772 74.2452 -0.650273 6.39564 73.8175 -1.12856 
7.2 7.6 73.7 6.64 74.0227 -0.6 7.6 73.96 6.47222 74.3099 -0.449353 6.38536 73.8782 -0.928578 
7.21 7.63 73.785 6.6346 74.089 -0.48 7.63 74.0361 6.46872 74.3746 -0.251356 6.37706 73.9385 -0.730947 
7.22 7.66 73.87 6.6304 74.1554 -0.36 7.66 74.1126 6.46719 74.4393 -0.0562844 6.37073 73.9984 -0.535665 
7.23 7.69 73.955 6.6274 74.2217 -0.24 7.69 74.1893 6.46759 74.504 0.135863 6.36634 74.0581 -0.342731 
7.24 7.72 74.04 6.6256 74.2879 -0.12 7.72 74.2664 6.46989 74.5687 0.325086 6.36387 74.1174 -0.152146 
7.25 7.75 74.125 6.625 74.3542 -1.32161e-12 7.75 74.3437 6.47408 74.6334 0.511385 6.36329 74.1765 0.0360903 
7.26 7.78 74.21 6.6256 74.4204 0.12 7.78 74.4214 6.48011 74.6982 0.69476 6.36458 74.2353 0.221978 
7.27 7.81 74.295 6.6274 74.4867 0.24 7.81 74.4993 6.48796 74.763 0.875211 6.36772 74.2939 0.405516 
7.28 7.84 74.38 6.6304 74.553 0.36 7.84 74.5776 6.49761 74.8279 1.05274 6.37268 74.3522 0.586706 
7.29 7.87 74.465 6.6346 74.6193 0.48 7.87 74.6561 6.50901 74.8929 1.22734 6.37945 74.4104 0.765548 
7.3 7.9 74.55 6.64 74.6857 0.6 7.9 74.735 6.52214 74.9581 1.39902 6.38799 74.4684 0.94204 
7.31 7.93 74.635 6.6466 74.7521 0.72 7.93 74.8141 6.53698 75.0234 1.56777 6.39828 74.5262 1.11618 
7.32 7.96 74.72 6.6544 74.8186 0.84 7.96 74.8936 6.55349 75.0888 1.7336 6.4103 74.5839 1.28798 
7.33 7.99 74.805 6.6634 74.8852 0.96 7.99 74.9733 6.57164 75.1545 1.8965 6.42403 74.6415 1.45742 
7.34 8.02 74.89 6.6736 74.9519 1.08 8.02 75.0534 6.59141 75.2203 2.05648 6.43944 74.6991 1.62452 
7.35 8.05 74.975 6.685 75.0187 1.2 8.05 75.1337 6.61276 75.2863 2.21354 6.45651 74.7566 1.78927 
7.36 8.08 75.06 6.6976 75.0856 1.32 8.08 75.2144 6.63567 75.3525 2.36767 6.47522 74.814 1.95167 
7.37 8.11 75.145 6.7114 75.1526 1.44 8.11 75.2953 6.6601 75.419 2.51888 6.49554 74.8715 2.11172 
7.38 8.14 75.23 6.7264 75.2198 1.56 8.14 75.3766 6.68604 75.4858 2.66716 6.51745 74.929 2.26942 
7.39 8.17 75.315 6.7426 75.2872 1.68 8.17 75.4581 6.71344 75.5528 2.81252 6.54092 74.9866 2.42478 
7.4 8.2 75.4 6.76 75.3547 1.8 8.2 75.54 6.74228 75.62 2.95495 6.56594 75.0443 2.57778 
7.41 8.23 75.485 6.7786 75.4224 1.92 8.23 75.6221 6.77253 75.6876 3.09446 6.59247 75.1021 2.72844 
7.42 8.26 75.57 6.7984 75.4902 2.04 8.26 75.7046 6.80416 75.7555 3.23105 6.6205 75.1601 2.87675 
7.43 8.29 75.655 6.8194 75.5583 2.16 8.29 75.7873 6.83714 75.8237 3.36471 6.65 75.2182 3.0227 
7.44 8.32 75.74 6.8416 75.6266 2.28 8.32 75.8704 6.87144 75.8922 3.49545 6.68094 75.2766 3.16631 
7.45 8.35 75.825 6.865 75.6952 2.4 8.35 75.9537 6.90704 75.9611 3.62326 6.71331 75.3352 3.30758 
7.46 8.38 75.91 6.8896 75.7639 2.52 8.38 76.0374 6.9439 76.0304 3.74815 6.74709 75.3941 3.44649 
7.47 8.41 75.995 6.9154 75.833 2.64 8.41 76.1213 6.98199 76.1 3.87011 6.78224 75.4533 3.58305 
7.48 8.44 76.08 6.9424 75.9023 2.76 8.44 76.2056 7.02129 76.17 3.98915 6.81874 75.5128 3.71727 
7.49 8.47 76.165 6.9706 75.9718 2.88 8.47 76.2901 7.06176 76.2404 4.10527 6.85657 75.5727 3.84913 
7.5 8.5 76.25 7 76.0417 3 8.5 76.375 7.10339 76.3113 4.21846 6.89571 75.6331 3.97865 
7.51 8.53 76.335 7.0306 76.1118 3.12 8.53 76.4601 7.14612 76.3825 4.32873 6.93614 75.6938 4.10582 
7.52 8.56 76.42 7.0624 76.1823 3.24 8.56 76.5456 7.18995 76.4542 4.43607 6.97782 75.7551 4.23064 
7.53 8.59 76.505 7.0954 76.2531 3.36 8.59 76.6313 7.23484 76.5263 4.54049 7.02074 75.8169 4.35311 
7.54 8.62 76.59 7.1296 76.3242 3.48 8.62 76.7174 7.28075 76.5989 4.64198 7.06488 75.8792 4.47323 
7.55 8.65 76.675 7.165 76.3957 3.6 8.65 76.8037 7.32767 76.6719 4.74055 7.1102 75.9421 4.591 
7.56 8.68 76.76 7.2016 76.4675 3.72 8.68 76.8904 7.37555 76.7454 4.8362 7.15669 76.0057 4.70643 
7.57 8.71 76.845 7.2394 76.5397 3.84 8.71 76.9773 7.42438 76.8194 4.92892 7.20432 76.0699 4.8195 
7.58 8.74 76.93 7.2784 76.6123 3.96 8.74 77.0646 7.47412 76.8939 5.01872 7.25307 76.1348 4.93023 
7.59 8.77 77.015 7.3186 76.6853 4.08 8.77 77.1521 7.52474 76.9689 5.10559 7.30292 76.2004 5.03861 
7.6 8.8 77.1 7.36 76.7587 4.2 8.8 77.24 7.57622 77.0444 5.18954 7.35384 76.2668 5.14464 
7.61 8.83 77.185 7.4026 76.8325 4.32 8.83 77.3281 7.62852 77.1205 5.27056 7.4058 76.334 5.24832 
7.62 8.86 77.27 7.4464 76.9067 4.44 8.86 77.4166 7.68162 77.197 5.34866 7.45879 76.4021 5.34965 
7.63 8.89 77.355 7.4914 76.9814 4.56 8.89 77.5053 7.73549 77.2741 5.42384 7.51279 76.471 5.44864 
7.64 8.92 77.44 7.5376 77.0566 4.68 8.92 77.5944 7.79009 77.3517 5.49609 7.56776 76.5409 5.54527 
7.65 8.95 77.525 7.585 77.1322 4.8 8.95 77.6837 7.8454 77.4299 5.56541 7.62369 76.6117 5.63956 
7.66 8.98 77.61 7.6336 77.2083 4.92 8.98 77.7734 7.90139 77.5086 5.63182 7.68054 76.6836 5.73149 
7.67 9.01 77.695 7.6834 77.2848 5.04 9.01 77.8633 7.95803 77.5879 5.69529 7.73831 76.7565 5.82108 
7.68 9.04 77.78 7.7344 77.3619 5.16 9.04 77.9536 8.01529 77.6678 5.75585 7.79696 76.8304 5.90832 
7.69 9.07 77.865 7.7866 77.4395 5.28 9.07 78.0441 8.07313 77.7482 5.81348 7.85647 76.9055 5.99321 
7.7 9.1 77.95 7.84 77.5177 5.4 9.1 78.135 8.13154 77.8293 5.86818 7.91681 76.9817 6.07576 
7.71 9.13 78.035 7.8946 77.5963 5.52 9.13 78.2261 8.19049 77.9109 5.91996 7.97797 77.0592 6.15595 
7.72 9.16 78.12 7.9504 77.6756 5.64 9.16 78.3176 8.24993 77.9931 5.96882 8.03992 77.1378 6.23379 
7.73 9.19 78.205 8.0074 77.7554 5.76 9.19 78.4093 8.30985 78.0759 6.01475 8.10264 77.2178 6.30929 
7.74 9.22 78.29 8.0656 77.8357 5.88 9.22 78.5014 8.37022 78.1593 6.05776 8.1661 77.2991 6.38244 
7.75 9.25 78.375 8.125 77.9167 6 9.25 78.5937 8.431 78.2433 6.09784 8.23028 77.3817 6.45323 
7.76 9.28 78.46 8.1856 77.9982 6.12 9.28 78.6864 8.49217 78.3279 6.135 8.29516 77.4658 6.52168 
7.77 9.31 78.545 8.2474 78.0804 6.24 9.31 78.7793 8.55369 78.4131 6.16924 8.36071 77.5513 6.58778 
7.78 9.34 78.63 8.3104 78.1632 6.36 9.34 78.8726 8.61554 78.499 6.20055 8.42691 77.6382 6.65154 
7.79 9.37 78.715 8.3746 78.2466 6.48 9.37 78.9661 8.67769 78.5854 6.22894 8.49373 77.7267 6.71294 
7.8 9.4 78.8 8.44 78.3307 6.6 9.4 79.06 8.74011 78.6725 6.2544 8.56116 77.8168 6.77199 
7.81 9.43 78.885 8.5066 78.4154 6.72 9.43 79.1541 8.80277 78.7602 6.27694 8.62916 77.9084 6.8287 
7.82 9.46 78.97 8.5744 78.5008 6.84 9.46 79.2486 8.86564 78.8486 6.29655 8.69772 78.0018 6.88306 
7.83 9.49 79.055 8.6434 78.5869 6.96 9.49 79.3433 8.92869 78.9375 6.31324 8.76682 78.0968 6.93507 
7.84 9.52 79.14 8.7136 78.6737 7.08 9.52 79.4384 8.9919 79.0271 6.327 8.83642 78.1935 6.98472 
7.85 9.55 79.225 8.785 78.7612 7.2 9.55 79.5337 9.05522 79.1174 6.33784 8.9065 78.292 7.03204 
7.86 9.58 79.31 8.8576 78.8494 7.32 9.58 79.6294 9.11864 79.2082 6.34576 8.97705 78.3923 7.077 
7.87 9.61 79.395 8.9314 78.9383 7.44 9.61 79.7253 9.18213 79.2998 6.35075 9.04804 78.4945 7.11961 
7.88 9.64 79.48 9.0064 79.028 7.56 9.64 79.8216 9.24565 79.3919 6.35282 9.11943 78.5985 7.15988 
7.89 9.67 79.565 9.0826 79.1185 7.68 9.67 79.9181 9.30917 79.4847 6.35196 9.19122 78.7045 7.19779 
7.9 9.7 79.65 9.16 79.2097 7.8 9.7 80.015 9.37268 79.5781 6.34818 9.26338 78.8125 7.23336 
7.91 9.73 79.735 9.2386 79.3017 7.92 9.73 80.1121 9.43613 79.6721 6.34148 9.33588 78.9225 7.26658 
7.92 9.76 79.82 9.3184 79.3944 8.04 9.76 80.2096 9.4995 79.7668 6.33185 9.40871 79.0345 7.29745 
7.93 9.79 79.905 9.3994 79.488 8.16 9.79 80.3073 9.56275 79.8621 6.31929 9.48183 79.1487 7.32597 
7.94 9.82 79.99 9.4816 79.5824 8.28 9.82 80.4054 9.62587 79.9581 6.30382 9.55522 79.265 7.35214 
7.95 9.85 80.075 9.565 79.6777 8.4 9.85 80.5037 9.68882 80.0546 6.28541 9.62886 79.3834 7.37596 
7.96 9.88 80.16 9.6496 79.7737 8.52 9.88 80.6024 9.75157 80.1518 6.26409 9.70273 79.5041 7.39744 
7.97 9.91 80.245 9.7354 79.8707 8.64 9.91 80.7013 9.81409 80.2497 6.23984 9.7768 79.6271 7.41656 
7.98 9.94 80.33 9.8224 79.9685 8.76 9.94 80.8006 9.87636 80.3481 6.21266 9.85105 79.7523 7.43334 
7.99 9.97 80.415 9.9106 80.0671 8.88 9.97 80.9001 9.93834 80.4472 6.18256 9.92546 79.8799 7.44777 
8 10 80.5 10 80.1667 9 10 81 10 80.5469 6.14954 10 80.0099 7.45985 
8.01 10.05 80.625 10.0896 80.2671 8.92 10.05 81.1002 10.0613 80.6472 6.11522 10.0746 80.1103 7.46985 
8.02 10.1 80.75 10.1784 80.3685 8.84 10.1 81.201 10.1223 80.7481 6.08126 10.1494 80.2114 7.47805 
8.03 10.15 80.875 10.2664 80.4707 8.76 10.15 81.3022 10.1829 80.8496 6.04763 10.2242 80.3133 7.48445 
8.04 10.2 81 10.3536 80.5738 8.68 10.2 81.404 10.2433 80.9518 6.01435 10.2991 80.4159 7.48904 
8.05 10.25 81.125 10.44 80.6777 8.6 10.25 81.5062 10.3032 81.0545 5.98142 10.374 80.5192 7.49183 
8.06 10.3 81.25 10.5256 80.7826 8.52 10.3 81.609 10.3629 81.1578 5.94883 10.4489 80.6233 7.49282 
8.07 10.35 81.375 10.6104 80.8883 8.44 10.35 81.7122 10.4222 81.2617 5.91658 10.5238 80.7282 7.49201 
8.08 10.4 81.5 10.6944 80.9948 8.36 10.4 81.816 10.4812 81.3663 5.88468 10.5987 80.8338 7.48939 
8.09 10.45 81.625 10.7776 81.1021 8.28 10.45 81.9202 10.5399 81.4714 5.85313 10.6736 80.9401 7.48497 
8.1 10.5 81.75 10.86 81.2103 8.2 10.5 82.025 10.5983 81.5771 5.82192 10.7484 81.0472 7.47874 
8.11 10.55 81.875 10.9416 81.3193 8.12 10.55 82.1302 10.6564 81.6833 5.79105 10.8232 81.155 7.47072 
8.12 10.6 82 11.0224 81.4292 8.04 10.6 82.236 10.7141 81.7902 5.76053 10.8978 81.2636 7.46089 
8.13 10.65 82.125 11.1024 81.5398 7.96 10.65 82.3422 10.7716 81.8976 5.73036 10.9724 81.373 7.44925 
8.14 10.7 82.25 11.1816 81.6512 7.88 10.7 82.449 10.8287 82.0056 5.70053 11.0468 81.483 7.43582 
8.15 10.75 82.375 11.26 81.7634 7.8 10.75 82.5562 10.8856 82.1142 5.67104 11.1211 81.5939 7.42058 
8.16 10.8 82.5 11.3376 81.8764 7.72 10.8 82.664 10.9421 82.2233 5.6419 11.1952 81.7054 7.40353 
8.17 10.85 82.625 11.4144 81.9902 7.64 10.85 82.7722 10.9984 82.333 5.61311 11.2692 81.8177 7.38469 
8.18 10.9 82.75 11.4904 82.1047 7.56 10.9 82.881 11.0544 82.4433 5.58465 11.3429 81.9308 7.36404 
8.19 10.95 82.875 11.5656 82.22 7.48 10.95 82.9902 11.1101 82.5541 5.55655 11.4164 82.0446 7.34159 
8.2 11 83 11.64 82.336 7.4 11 83.1 11.1655 82.6655 5.52879 11.4897 82.1591 7.31733 
8.21 11.05 83.125 11.7136 82.4528 7.32 11.05 83.2102 11.2207 82.7774 5.50137 11.5628 82.2744 7.29128 
8.22 11.1 83.25 11.7864 82.5703 7.24 11.1 83.321 11.2756 82.8899 5.4743 11.6356 82.3905 7.26342 
8.23 11.15 83.375 11.8584 82.6885 7.16 11.15 83.4322 11.3302 83.0029 5.44757 11.708 82.5072 7.23375 
8.24 11.2 83.5 11.9296 82.8074 7.08 11.2 83.544 11.3845 83.1165 5.42119 11.7802 82.6247 7.20228 
8.25 11.25 83.625 12 82.9271 7 11.25 83.6562 11.4386 83.2306 5.39515 11.8521 82.743 7.16901 
8.26 11.3 83.75 12.0696 83.0474 6.92 11.3 83.769 11.4924 83.3453 5.36946 11.9236 82.862 7.13394 
8.27 11.35 83.875 12.1384 83.1685 6.84 11.35 83.8822 11.546 83.4605 5.34411 11.9948 82.9817 7.09707 
8.28 11.4 84 12.2064 83.2902 6.76 11.4 83.996 11.5993 83.5762 5.31911 12.0655 83.1021 7.05839 
8.29 11.45 84.125 12.2736 83.4126 6.68 11.45 84.1102 11.6524 83.6925 5.29445 12.1359 83.2233 7.0179 
8.3 11.5 84.25 12.34 83.5357 6.6 11.5 84.225 11.7052 83.8092 5.27014 12.2059 83.3452 6.97562 
8.31 11.55 84.375 12.4056 83.6594 6.52 11.55 84.3402 11.7578 83.9266 5.24617 12.2754 83.4679 6.93153 
8.32 11.6 84.5 12.4704 83.7838 6.44 11.6 84.456 11.8101 84.0444 5.22255 12.3445 83.5912 6.88564 
8.33 11.65 84.625 12.5344 83.9088 6.36 11.65 84.5722 11.8622 84.1628 5.19927 12.4131 83.7153 6.83795 
8.34 11.7 84.75 12.5976 84.0345 6.28 11.7 84.689 11.9141 84.2816 5.17634 12.4813 83.8401 6.78845 
8.35 11.75 84.875 12.66 84.1607 6.2 11.75 84.8062 11.9658 84.401 5.15375 12.5489 83.9656 6.73715 
8.36 11.8 85 12.7216 84.2877 6.12 11.8 84.924 12.0172 84.521 5.13151 12.616 84.0918 6.68404 
8.37 11.85 85.125 12.7824 84.4152 6.04 11.85 85.0422 12.0684 84.6414 5.10961 12.6826 84.2187 6.62914 
8.38 11.9 85.25 12.8424 84.5433 5.96 11.9 85.161 12.1194 84.7623 5.08805 12.7486 84.3463 6.57243 
8.39 11.95 85.375 12.9016 84.672 5.88 11.95 85.2802 12.1701 84.8838 5.06685 12.814 84.4746 6.51392 
8.4 12 85.5 12.96 84.8013 5.8 12 85.4 12.2207 85.0057 5.04598 12.8789 84.6036 6.4536 
8.41 12.05 85.625 13.0176 84.9312 5.72 12.05 85.5202 12.2711 85.1282 5.02546 12.9431 84.7333 6.39148 
8.42 12.1 85.75 13.0744 85.0617 5.64 12.1 85.641 12.3212 85.2512 5.00529 13.0067 84.8637 6.32756 
8.43 12.15 85.875 13.1304 85.1927 5.56 12.15 85.7622 12.3712 85.3746 4.98546 13.0696 84.9947 6.26183 
8.44 12.2 86 13.1856 85.3243 5.48 12.2 85.884 12.4209 85.4986 4.96597 13.1319 85.1264 6.19431 
8.45 12.25 86.125 13.24 85.4564 5.4 12.25 86.0062 12.4705 85.623 4.94683 13.1935 85.2588 6.12497 
8.46 12.3 86.25 13.2936 85.5891 5.32 12.3 86.129 12.5199 85.748 4.92804 13.2544 85.3918 6.05384 
8.47 12.35 86.375 13.3464 85.7223 5.24 12.35 86.2522 12.5691 85.8734 4.90959 13.3146 85.5255 5.9809 
8.48 12.4 86.5 13.3984 85.856 5.16 12.4 86.376 12.6181 85.9994 4.89148 13.374 85.6598 5.90616 
8.49 12.45 86.625 13.4496 85.9903 5.08 12.45 86.5002 12.6669 86.1258 4.87372 13.4327 85.7947 5.82962 
8.5 12.5 86.75 13.5 86.125 5 12.5 86.625 12.7155 86.2527 4.85631 13.4906 85.9303 5.75127 
8.51 12.55 86.875 13.5496 86.2602 4.92 12.55 86.7502 12.764 86.3801 4.83924 13.5477 86.0664 5.67112 
8.52 12.6 87 13.5984 86.396 4.84 12.6 86.876 12.8123 86.508 4.82251 13.604 86.2032 5.58917 
8.53 12.65 87.125 13.6464 86.5322 4.76 12.65 87.0022 12.8605 86.6363 4.80613 13.6595 86.3406 5.50542 
8.54 12.7 87.25 13.6936 86.6689 4.68 12.7 87.129 12.9084 86.7652 4.79009 13.7141 86.4785 5.41986 
8.55 12.75 87.375 13.74 86.8061 4.6 12.75 87.2562 12.9563 86.8945 4.7744 13.7679 86.617 5.3325 
8.56 12.8 87.5 13.7856 86.9437 4.52 12.8 87.384 13.0039 87.0243 4.75906 13.8208 86.7561 5.24333 
8.57 12.85 87.625 13.8304 87.0818 4.44 12.85 87.5122 13.0515 87.1546 4.74406 13.8727 86.8957 5.15236 
8.58 12.9 87.75 13.8744 87.2203 4.36 12.9 87.641 13.0988 87.2853 4.7294 13.9238 87.0359 5.05959 
8.59 12.95 87.875 13.9176 87.3593 4.28 12.95 87.7702 13.146 87.4166 4.71509 13.9739 87.1766 4.96502 
8.6 13 88 13.96 87.4987 4.2 13 87.9 13.1931 87.5483 4.70112 14.0231 87.3178 4.86864 
8.61 13.05 88.125 14.0016 87.6385 4.12 13.05 88.0302 13.2401 87.6804 4.6875 14.0713 87.4595 4.77046 
8.62 13.1 88.25 14.0424 87.7787 4.04 13.1 88.161 13.2869 87.8131 4.67422 14.1185 87.6017 4.67048 
8.63 13.15 88.375 14.0824 87.9193 3.96 13.15 88.2922 13.3336 87.9462 4.66129 14.1647 87.7444 4.56869 
8.64 13.2 88.5 14.1216 88.0603 3.88 13.2 88.424 13.3801 88.0797 4.6487 14.2099 87.8875 4.4651 
8.65 13.25 88.625 14.16 88.2017 3.8 13.25 88.5562 13.4265 88.2138 4.63646 14.254 88.0311 4.35971 
8.66 13.3 88.75 14.1976 88.3435 3.72 13.3 88.689 13.4728 88.3483 4.62456 14.2971 88.175 4.25252 
8.67 13.35 88.875 14.2344 88.4857 3.64 13.35 88.8222 13.519 88.4832 4.61301 14.339 88.3194 4.14352 
8.68 13.4 89 14.2704 88.6282 3.56 13.4 88.956 13.5651 88.6186 4.6018 14.3799 88.4642 4.03272 
8.69 13.45 89.125 14.3056 88.7711 3.48 13.45 89.0902 13.6111 88.7545 4.59094 14.4197 88.6094 3.92011 
8.7 13.5 89.25 14.34 88.9143 3.4 13.5 89.225 13.6569 88.8909 4.58042 14.4583 88.7549 3.80571 
8.71 13.55 89.375 14.3736 89.0579 3.32 13.55 89.3602 13.7027 89.0277 4.57025 14.4958 88.9008 3.68949 
8.72 13.6 89.5 14.4064 89.2018 3.24 13.6 89.496 13.7483 89.1649 4.56042 14.5321 89.047 3.57148 
8.73 13.65 89.625 14.4384 89.346 3.16 13.65 89.6322 13.7939 89.3026 4.55093 14.5672 89.1934 3.45166 
8.74 13.7 89.75 14.4696 89.4906 3.08 13.7 89.769 13.8393 89.4408 4.54179 14.6011 89.3402 3.33004 
8.75 13.75 89.875 14.5 89.6354 3 13.75 89.9062 13.8847 89.5794 4.533 14.6338 89.4872 3.20662 
8.76 13.8 90 14.5296 89.7806 2.92 13.8 90.044 13.93 89.7185 4.52455 14.6653 89.6344 3.0814 
8.77 13.85 90.125 14.5584 89.926 2.84 13.85 90.1822 13.9752 89.858 4.51645 14.6954 89.7819 2.95437 
8.78 13.9 90.25 14.5864 90.0717 2.76 13.9 90.321 14.0203 89.998 4.50869 14.7243 89.9295 2.82554 
8.79 13.95 90.375 14.6136 90.2177 2.68 13.95 90.4602 14.0654 90.1384 4.50127 14.7519 90.0774 2.6949 
8.8 14 90.5 14.64 90.364 2.6 14 90.6 14.1104 90.2793 4.4942 14.7782 90.2253 2.56246 
8.81 14.05 90.625 14.6656 90.5105 2.52 14.05 90.7402 14.1553 90.4206 4.48748 14.8032 90.3734 2.42822 
8.82 14.1 90.75 14.6904 90.6573 2.44 14.1 90.881 14.2001 90.5624 4.4811 14.8268 90.5215 2.29218 
8.83 14.15 90.875 14.7144 90.8043 2.36 14.15 91.0222 14.2449 90.7046 4.47506 14.849 90.6698 2.15433 
8.84 14.2 91 14.7376 90.9516 2.28 14.2 91.164 14.2896 90.8473 4.46937 14.8699 90.818 2.01468 
8.85 14.25 91.125 14.76 91.0991 2.2 14.25 91.3062 14.3343 90.9904 4.46403 14.8893 90.9663 1.87323 
8.86 14.3 91.25 14.7816 91.2468 2.12 14.3 91.449 14.3789 91.134 4.45903 14.9073 91.1145 1.72997 
8.87 14.35 91.375 14.8024 91.3947 2.04 14.35 91.5922 14.4235 91.278 4.45437 14.9239 91.2627 1.58491 
8.88 14.4 91.5 14.8224 91.5428 1.96 14.4 91.736 14.468 91.4225 4.45006 14.939 91.4109 1.43805 
8.89 14.45 91.625 14.8416 91.6912 1.88 14.45 91.8802 14.5125 91.5674 4.4461 14.9527 91.5589 1.28938 
8.9 14.5 91.75 14.86 91.8397 1.8 14.5 92.025 14.5569 91.7127 4.44247 14.9648 91.7068 1.13891 
8.91 14.55 91.875 14.8776 91.9884 1.72 14.55 92.1702 14.6013 91.8585 4.4392 14.9754 91.8545 0.986642 
8.92 14.6 92 14.8944 92.1372 1.64 14.6 92.316 14.6457 92.0047 4.43627 14.9845 92.002 0.832568 
8.93 14.65 92.125 14.9104 92.2862 1.56 14.65 92.4622 14.69 92.1514 4.43368 14.9921 92.1492 0.67669 
8.94 14.7 92.25 14.9256 92.4354 1.48 14.7 92.609 14.7344 92.2985 4.43144 14.9981 92.2962 0.519009 
8.95 14.75 92.375 14.94 92.5847 1.4 14.75 92.7562 14.7787 92.4461 4.42954 15.0024 92.4429 0.359525 
8.96 14.8 92.5 14.9536 92.7342 1.32 14.8 92.904 14.823 92.5941 4.42799 15.0052 92.5892 0.198238 
8.97 14.85 92.625 14.9664 92.8838 1.24 14.85 93.0522 14.8672 92.7426 4.42678 15.0064 92.7351 0.0351481 
8.98 14.9 92.75 14.9784 93.0335 1.16 14.9 93.201 14.9115 92.8915 4.42592 15.0059 92.8807 -0.129745 
8.99 14.95 92.875 14.9896 93.1834 1.08 14.95 93.3502 14.9557 93.0408 4.4254 15.0038 93.0257 -0.296441 
9 15 93 15 93.3333 1 15 93.5 15 93.1906 4.42523 15 93.1703 -0.46494 
