---------------------------------------------------------------------
Least Squares Fit with SVD of data.txt to Function c1*log(x)+c2+c3*x:
---------------------------------------------------------------------
Fitparameters c=

    6.989 
    0.988 
   -1.995 

Correlation Matrix=
  0.23000  0.12314 -0.08410
  0.12314  0.35248 -0.09013
 -0.08410 -0.09013  0.03962


0.00466667 -36.5325 -39.1066 -33.9585 
0.1 -15.304 -16.4083 -14.1997 
0.195333 -10.815 -11.5981 -10.0318 
0.290667 -8.22734 -8.8199 -7.63478 
0.386 -6.43511 -6.89163 -5.97859 
0.481333 -5.08274 -5.43341 -4.73208 
0.576667 -4.01005 -4.27406 -3.74605 
0.672 -3.13103 -3.32166 -2.9404 
0.767333 -2.39409 -2.5211 -2.26708 
0.862667 -1.76587 -1.83672 -1.69502 
0.958 -1.22353 -1.2441 -1.20295 
1.05333 -0.750737 -0.725818 -0.775656 
1.14867 -0.335431 -0.26896 -0.401901 
1.244 0.0315695 0.136277 -0.0731382 
1.33933 0.357404 0.497524 0.217285 
1.43467 0.64774 0.820836 0.474644 
1.53 0.907148 1.1111 0.703198 
1.62533 1.13937 1.37231 0.906431 
1.72067 1.34751 1.60778 1.08723 
1.816 1.53416 1.82029 1.24802 
1.91133 1.70152 2.01219 1.39085 
2.00667 1.85147 2.18549 1.51746 
2.102 1.98563 2.34191 1.62936 
2.19733 2.10541 2.48295 1.72786 
2.29267 2.21201 2.60993 1.8141 
2.388 2.30652 2.72397 1.88907 
2.48333 2.38988 2.82611 1.95366 
2.57867 2.46294 2.91723 2.00865 
2.674 2.52644 2.99814 2.05473 
2.76933 2.58104 3.06955 2.09254 
2.86467 2.62736 3.1321 2.12263 
2.96 2.66594 3.18638 2.14551 
3.05533 2.69726 3.2329 2.16163 
3.15067 2.72178 3.27215 2.17141 
3.246 2.73989 3.30456 2.17522 
3.34133 2.75198 3.33053 2.17343 
3.43667 2.75837 3.35041 2.16633 
3.532 2.75938 3.36455 2.15421 
3.62733 2.7553 3.37324 2.13736 
3.72267 2.74639 3.37677 2.11601 
3.818 2.73289 3.3754 2.09039 
3.91333 2.71504 3.36937 2.0607 
4.00867 2.69303 3.35891 2.02716 
4.104 2.66708 3.34423 1.98993 
4.19933 2.63735 3.32551 1.94919 
4.29467 2.60402 3.30294 1.90509 
4.39 2.56724 3.2767 1.85778 
4.48533 2.52717 3.24693 1.80741 
4.58067 2.48393 3.21378 1.75409 
4.676 2.43768 3.1774 1.69795 
4.77133 2.38851 3.13792 1.63911 
4.86667 2.33656 3.09545 1.57766 
4.962 2.28192 3.05011 1.51372 
5.05733 2.2247 3.00202 1.44738 
5.15267 2.165 2.95128 1.37872 
5.248 2.1029 2.89797 1.30783 
5.34333 2.0385 2.84221 1.2348 
5.43867 1.97188 2.78406 1.15969 
5.534 1.9031 2.72362 1.08258 
5.62933 1.83226 2.66097 1.00355 
5.72467 1.7594 2.59617 0.922639 
5.82 1.68461 2.5293 0.839927 
5.91533 1.60794 2.46042 0.755468 
6.01067 1.52946 2.38961 0.669319 
6.106 1.44922 2.31691 0.581531 
6.20133 1.36728 2.2424 0.492157 
6.29667 1.28368 2.16612 0.401245 
6.392 1.19848 2.08813 0.30884 
6.48733 1.11173 2.00847 0.214987 
6.58267 1.02347 1.92721 0.119728 
6.678 0.933739 1.84438 0.0231035 
6.77333 0.842586 1.76002 -0.0748474 
6.86867 0.750049 1.67419 -0.174088 
6.964 0.656165 1.58691 -0.274583 
7.05933 0.560971 1.49824 -0.376297 
7.15467 0.464502 1.4082 -0.479199 
7.25 0.366793 1.31684 -0.583256 
7.34533 0.267875 1.22419 -0.688439 
7.44067 0.167779 1.13028 -0.794719 
7.536 0.0665366 1.03514 -0.902067 
7.63133 -0.0358247 0.938808 -1.01046 
7.72667 -0.139277 0.84131 -1.11986 
7.822 -0.243793 0.742675 -1.23026 
7.91733 -0.349347 0.642931 -1.34162 
8.01267 -0.455915 0.542103 -1.45393 
8.108 -0.563472 0.440218 -1.56716 
8.20333 -0.671995 0.337301 -1.68129 
8.29867 -0.781462 0.233375 -1.7963 
8.394 -0.891851 0.128464 -1.91217 
8.48933 -1.00314 0.0225885 -2.02887 
8.58467 -1.11532 -0.0842284 -2.1464 
8.68 -1.22835 -0.191966 -2.26473 
8.77533 -1.34223 -0.300605 -2.38385 
8.87067 -1.45693 -0.410126 -2.50373 
8.966 -1.57244 -0.520509 -2.62437 
9.06133 -1.68874 -0.631736 -2.74574 
9.15667 -1.80581 -0.74379 -2.86783 
9.252 -1.92364 -0.856654 -2.99063 
9.34733 -2.04222 -0.970311 -3.11412 
9.44267 -2.16152 -1.08474 -3.23829 
9.538 -2.28153 -1.19994 -3.36312 
9.63333 -2.40224 -1.31588 -3.4886 
9.72867 -2.52363 -1.43255 -3.61472 
9.824 -2.6457 -1.54994 -3.74146 
9.91933 -2.76843 -1.66804 -3.86882 
10.0147 -2.8918 -1.78682 -3.99677 
10.11 -3.0158 -1.90628 -4.12532 
10.2053 -3.14042 -2.0264 -4.25445 
10.3007 -3.26566 -2.14718 -4.38414 
10.396 -3.39149 -2.26859 -4.51439 
10.4913 -3.51791 -2.39064 -4.64519 
10.5867 -3.64491 -2.5133 -4.77653 


0.00466667 -36.5325 -35.9388 -37.1262 
0.1 -15.304 -14.7103 -15.8977 
0.195333 -10.815 -10.2213 -11.4087 
0.290667 -8.22734 -7.63364 -8.82104 
0.386 -6.43511 -5.84141 -7.02881 
0.481333 -5.08274 -4.48904 -5.67644 
0.576667 -4.01005 -3.41636 -4.60375 
0.672 -3.13103 -2.53733 -3.72473 
0.767333 -2.39409 -1.80039 -2.98779 
0.862667 -1.76587 -1.17217 -2.35957 
0.958 -1.22353 -0.629828 -1.81723 
1.05333 -0.750737 -0.157038 -1.34444 
1.14867 -0.335431 0.258268 -0.92913 
1.244 0.0315695 0.625268 -0.562129 
1.33933 0.357404 0.951103 -0.236294 
1.43467 0.64774 1.24144 0.0540414 
1.53 0.907148 1.50085 0.313449 
1.62533 1.13937 1.73307 0.545671 
1.72067 1.34751 1.9412 0.753807 
1.816 1.53416 2.12785 0.940456 
1.91133 1.70152 2.29522 1.10782 
2.00667 1.85147 2.44517 1.25777 
2.102 1.98563 2.57933 1.39194 
2.19733 2.10541 2.69911 1.51171 
2.29267 2.21201 2.80571 1.61831 
2.388 2.30652 2.90022 1.71282 
2.48333 2.38988 2.98358 1.79618 
2.57867 2.46294 3.05664 1.86924 
2.674 2.52644 3.12013 1.93274 
2.76933 2.58104 3.17474 1.98734 
2.86467 2.62736 3.22106 2.03367 
2.96 2.66594 3.25964 2.07224 
3.05533 2.69726 3.29096 2.10356 
3.15067 2.72178 3.31548 2.12808 
3.246 2.73989 3.33359 2.14619 
3.34133 2.75198 3.34568 2.15828 
3.43667 2.75837 3.35207 2.16467 
3.532 2.75938 3.35308 2.16568 
3.62733 2.7553 3.349 2.1616 
3.72267 2.74639 3.34009 2.15269 
3.818 2.73289 3.32659 2.13919 
3.91333 2.71504 3.30874 2.12134 
4.00867 2.69303 3.28673 2.09934 
4.104 2.66708 3.26078 2.07338 
4.19933 2.63735 3.23105 2.04365 
4.29467 2.60402 3.19771 2.01032 
4.39 2.56724 3.16094 1.97354 
4.48533 2.52717 3.12086 1.93347 
4.58067 2.48393 3.07763 1.89024 
4.676 2.43768 3.03137 1.84398 
4.77133 2.38851 2.98221 1.79481 
4.86667 2.33656 2.93025 1.74286 
4.962 2.28192 2.87562 1.68822 
5.05733 2.2247 2.8184 1.631 
5.15267 2.165 2.7587 1.5713 
5.248 2.1029 2.6966 1.50921 
5.34333 2.0385 2.6322 1.4448 
5.43867 1.97188 2.56558 1.37818 
5.534 1.9031 2.4968 1.3094 
5.62933 1.83226 2.42595 1.23856 
5.72467 1.7594 2.3531 1.1657 
5.82 1.68461 2.27831 1.09091 
5.91533 1.60794 2.20164 1.01425 
6.01067 1.52946 2.12316 0.935764 
6.106 1.44922 2.04292 0.855523 
6.20133 1.36728 1.96098 0.773579 
6.29667 1.28368 1.87738 0.689983 
6.392 1.19848 1.79218 0.604785 
6.48733 1.11173 1.70543 0.518031 
6.58267 1.02347 1.61717 0.429769 
6.678 0.933739 1.52744 0.34004 
6.77333 0.842586 1.43629 0.248887 
6.86867 0.750049 1.34375 0.15635 
6.964 0.656165 1.24986 0.0624657 
7.05933 0.560971 1.15467 -0.0327281 
7.15467 0.464502 1.0582 -0.129197 
7.25 0.366793 0.960492 -0.226906 
7.34533 0.267875 0.861574 -0.325824 
7.44067 0.167779 0.761478 -0.42592 
7.536 0.0665366 0.660236 -0.527162 
7.63133 -0.0358247 0.557874 -0.629524 
7.72667 -0.139277 0.454422 -0.732976 
7.822 -0.243793 0.349906 -0.837492 
7.91733 -0.349347 0.244352 -0.943046 
8.01267 -0.455915 0.137784 -1.04961 
8.108 -0.563472 0.0302274 -1.15717 
8.20333 -0.671995 -0.0782958 -1.26569 
8.29867 -0.781462 -0.187763 -1.37516 
8.394 -0.891851 -0.298153 -1.48555 
8.48933 -1.00314 -0.409444 -1.59684 
8.58467 -1.11532 -0.521616 -1.70901 
8.68 -1.22835 -0.634651 -1.82205 
8.77533 -1.34223 -0.748528 -1.93593 
8.87067 -1.45693 -0.86323 -2.05063 
8.966 -1.57244 -0.97874 -2.16614 
9.06133 -1.68874 -1.09504 -2.28244 
9.15667 -1.80581 -1.21211 -2.39951 
9.252 -1.92364 -1.32994 -2.51734 
9.34733 -2.04222 -1.44852 -2.63592 
9.44267 -2.16152 -1.56782 -2.75522 
9.538 -2.28153 -1.68783 -2.87523 
9.63333 -2.40224 -1.80854 -2.99594 
9.72867 -2.52363 -1.92994 -3.11733 
9.824 -2.6457 -2.052 -3.2394 
9.91933 -2.76843 -2.17473 -3.36212 
10.0147 -2.8918 -2.2981 -3.48549 
10.11 -3.0158 -2.4221 -3.6095 
10.2053 -3.14042 -2.54673 -3.73412 
10.3007 -3.26566 -2.67196 -3.85936 
10.396 -3.39149 -2.79779 -3.98519 
10.4913 -3.51791 -2.92421 -4.11161 
10.5867 -3.64491 -3.05121 -4.23861 


0.00466667 -36.5325 -36.5316 -36.5335 
0.1 -15.304 -15.2841 -15.3239 
0.195333 -10.815 -10.7761 -10.8538 
0.290667 -8.22734 -8.16948 -8.28519 
0.386 -6.43511 -6.35828 -6.51194 
0.481333 -5.08274 -4.98694 -5.17855 
0.576667 -4.01005 -3.89527 -4.12484 
0.672 -3.13103 -2.99727 -3.26479 
0.767333 -2.39409 -2.24136 -2.54683 
0.862667 -1.76587 -1.59416 -1.93758 
0.958 -1.22353 -1.03284 -1.41421 
1.05333 -0.750737 -0.541076 -0.960398 
1.14867 -0.335431 -0.106794 -0.564068 
1.244 0.0315695 0.279182 -0.216043 
1.33933 0.357404 0.623993 0.0908162 
1.43467 0.64774 0.933304 0.362176 
1.53 0.907148 1.21169 0.602609 
1.62533 1.13937 1.46289 0.815854 
1.72067 1.34751 1.69 1.00501 
1.816 1.53416 1.89562 1.17269 
1.91133 1.70152 2.08196 1.32108 
2.00667 1.85147 2.25089 1.45205 
2.102 1.98563 2.40403 1.56724 
2.19733 2.10541 2.54278 1.66804 
2.29267 2.21201 2.66836 1.75567 
2.388 2.30652 2.78184 1.8312 
2.48333 2.38988 2.88418 1.89559 
2.57867 2.46294 2.97621 1.94967 
2.674 2.52644 3.05868 1.99419 
2.76933 2.58104 3.13227 2.02982 
2.86467 2.62736 3.19756 2.05716 
2.96 2.66594 3.25512 2.07677 
3.05533 2.69726 3.30541 2.08911 
3.15067 2.72178 3.34891 2.09465 
3.246 2.73989 3.386 2.09379 
3.34133 2.75198 3.41705 2.0869 
3.43667 2.75837 3.44242 2.07432 
3.532 2.75938 3.46241 2.05635 
3.62733 2.7553 3.4773 2.03329 
3.72267 2.74639 3.48737 2.00541 
3.818 2.73289 3.49285 1.97294 
3.91333 2.71504 3.49397 1.93611 
4.00867 2.69303 3.49094 1.89513 
4.104 2.66708 3.48396 1.85019 
4.19933 2.63735 3.47321 1.80149 
4.29467 2.60402 3.45885 1.74918 
4.39 2.56724 3.44105 1.69343 
4.48533 2.52717 3.41995 1.63438 
4.58067 2.48393 3.3957 1.57217 
4.676 2.43768 3.36841 1.50694 
4.77133 2.38851 3.33822 1.4388 
4.86667 2.33656 3.30524 1.36787 
4.962 2.28192 3.26958 1.29425 
5.05733 2.2247 3.23134 1.21806 
5.15267 2.165 3.19061 1.13938 
5.248 2.1029 3.1475 1.05831 
5.34333 2.0385 3.10207 0.974937 
5.43867 1.97188 3.05442 0.889335 
5.534 1.9031 3.00462 0.801586 
5.62933 1.83226 2.95275 0.711762 
5.72467 1.7594 2.89887 0.619933 
5.82 1.68461 2.84306 0.526167 
5.91533 1.60794 2.78537 0.430524 
6.01067 1.52946 2.72586 0.333066 
6.106 1.44922 2.66459 0.23385 
6.20133 1.36728 2.60163 0.13293 
6.29667 1.28368 2.53701 0.0303586 
6.392 1.19848 2.47078 -0.0738155 
6.48733 1.11173 2.403 -0.179544 
6.58267 1.02347 2.33372 -0.286782 
6.678 0.933739 2.26297 -0.395487 
6.77333 0.842586 2.19079 -0.505615 
6.86867 0.750049 2.11723 -0.617129 
6.964 0.656165 2.04232 -0.729988 
7.05933 0.560971 1.9661 -0.844158 
7.15467 0.464502 1.88861 -0.959602 
7.25 0.366793 1.80987 -1.07629 
7.34533 0.267875 1.72993 -1.19418 
7.44067 0.167779 1.64881 -1.31325 
7.536 0.0665366 1.56654 -1.43347 
7.63133 -0.0358247 1.48316 -1.55481 
7.72667 -0.139277 1.39868 -1.67724 
7.822 -0.243793 1.31314 -1.80073 
7.91733 -0.349347 1.22656 -1.92526 
8.01267 -0.455915 1.13897 -2.0508 
8.108 -0.563472 1.05039 -2.17733 
8.20333 -0.671995 0.960842 -2.30483 
8.29867 -0.781462 0.87035 -2.43327 
8.394 -0.891851 0.778937 -2.56264 
8.48933 -1.00314 0.686621 -2.69291 
8.58467 -1.11532 0.593424 -2.82405 
8.68 -1.22835 0.499366 -2.95606 
8.77533 -1.34223 0.404464 -3.08892 
8.87067 -1.45693 0.308737 -3.2226 
8.966 -1.57244 0.212203 -3.35708 
9.06133 -1.68874 0.114879 -3.49236 
9.15667 -1.80581 0.0167812 -3.62841 
9.252 -1.92364 -0.0820742 -3.76521 
9.34733 -2.04222 -0.181672 -3.90276 
9.44267 -2.16152 -0.281996 -4.04104 
9.538 -2.28153 -0.383033 -4.18003 
9.63333 -2.40224 -0.484768 -4.31971 
9.72867 -2.52363 -0.587187 -4.46008 
9.824 -2.6457 -0.690278 -4.60112 
9.91933 -2.76843 -0.794027 -4.74282 
10.0147 -2.8918 -0.898421 -4.88517 
10.11 -3.0158 -1.00345 -5.02815 
10.2053 -3.14042 -1.1091 -5.17175 
10.3007 -3.26566 -1.21536 -5.31596 
10.396 -3.39149 -1.32222 -5.46077 
10.4913 -3.51791 -1.42966 -5.60617 
10.5867 -3.64491 -1.53768 -5.75214 


