---------------------------------------------------------------------
Least Squares Fit of data.txt to Function c1*log(x)+c2+c3*x:
---------------------------------------------------------------------
Fitparameters c=

    6.989 
    0.988 
   -1.995 

Correlation Matrix=
  0.19178  0.06589 -0.06331
  0.06589  0.26506 -0.05735
 -0.06331 -0.05735  0.02613


0.0142 -28.7744 -30.6376 -26.9113 
0.1 -15.304 -16.3124 -14.2956 
0.1858 -11.1456 -11.8827 -10.4086 
0.2716 -8.66346 -9.23427 -8.09265 
0.3574 -6.91606 -7.36664 -6.46547 
0.4432 -5.5835 -5.93986 -5.22715 
0.529 -4.51791 -4.79677 -4.23905 
0.6148 -3.63863 -3.85166 -3.4256 
0.7006 -2.89681 -3.05263 -2.74099 
0.7864 -2.2606 -2.36583 -2.15537 
0.8722 -1.70808 -1.76796 -1.6482 
0.958 -1.22353 -1.24232 -1.20474 
1.0438 -0.795256 -0.776483 -0.814029 
1.1296 -0.414367 -0.361 -0.467735 
1.2154 -0.0739159 0.0115122 -0.159344 
1.3012 0.23162 0.346921 0.116319 
1.387 0.506702 0.649967 0.363437 
1.4728 0.754989 0.92454 0.585438 
1.5586 0.979517 1.17386 0.78517 
1.6444 1.18283 1.40065 0.965019 
1.7302 1.3671 1.60719 1.12701 
1.816 1.53416 1.79544 1.27287 
1.9018 1.68559 1.96709 1.40409 
1.9876 1.82279 2.12362 1.52197 
2.0734 1.94696 2.26629 1.62762 
2.1592 2.05914 2.39623 1.72205 
2.245 2.16028 2.51444 1.80613 
2.3308 2.25121 2.62179 1.88063 
2.4166 2.33266 2.71907 1.94625 
2.5024 2.40529 2.80698 2.0036 
2.5882 2.46971 2.88616 2.05325 
2.674 2.52644 2.95717 2.0957 
2.7598 2.57596 3.02053 2.1314 
2.8456 2.61874 3.07671 2.16076 
2.9314 2.65515 3.12613 2.18417 
3.0172 2.68558 3.16919 2.20196 
3.103 2.71035 3.20624 2.21445 
3.1888 2.72977 3.23761 2.22193 
3.2746 2.74414 3.2636 2.22467 
3.3604 2.7537 3.2845 2.2229 
3.4462 2.75871 3.30054 2.21687 
3.532 2.75938 3.31199 2.20677 
3.6178 2.75593 3.31905 2.19281 
3.7036 2.74854 3.32193 2.17516 
3.7894 2.73741 3.32082 2.154 
3.8752 2.72269 3.3159 2.12947 
3.961 2.70454 3.30735 2.10173 
4.0468 2.68312 3.29531 2.07092 
4.1326 2.65855 3.27993 2.03717 
4.2184 2.63096 3.26134 2.00059 
4.3042 2.60049 3.23969 1.96129 
4.39 2.56724 3.21508 1.9194 
4.4758 2.53132 3.18763 1.875 
4.5616 2.49283 3.15746 1.82819 
4.6474 2.45186 3.12466 1.77907 
4.7332 2.40852 3.08932 1.72771 
4.819 2.36288 3.05155 1.6742 
4.9048 2.31502 3.01142 1.61862 
4.9906 2.26502 2.96901 1.56102 
5.0764 2.21296 2.92442 1.5015 
5.1622 2.1589 2.87769 1.4401 
5.248 2.1029 2.82892 1.37689 
5.3338 2.04504 2.77817 1.31192 
5.4196 1.98538 2.72549 1.24527 
5.5054 1.92396 2.67094 1.17697 
5.5912 1.86084 2.6146 1.10708 
5.677 1.79608 2.5565 1.03565 
5.7628 1.72972 2.49671 0.962717 
5.8486 1.66181 2.43528 0.888335 
5.9344 1.59239 2.37224 0.812544 
6.0202 1.52152 2.30765 0.735382 
6.106 1.44922 2.24155 0.656891 
6.1918 1.37555 2.17399 0.577105 
6.2776 1.30053 2.105 0.496062 
6.3634 1.22421 2.03462 0.413794 
6.4492 1.14662 1.96289 0.330336 
6.535 1.06778 1.88985 0.245718 
6.6208 0.98775 1.81553 0.15997 
6.7066 0.906541 1.73996 0.0731229 
6.7924 0.824188 1.66317 -0.014797 
6.8782 0.74072 1.5852 -0.103762 
6.964 0.656165 1.50608 -0.193747 
7.0498 0.570548 1.42582 -0.284726 
7.1356 0.483896 1.34447 -0.376675 
7.2214 0.396234 1.26204 -0.469572 
7.3072 0.307585 1.17856 -0.563394 
7.393 0.217972 1.09406 -0.658118 
7.4788 0.127418 1.00856 -0.753725 
7.5646 0.0359444 0.922084 -0.850195 
7.6504 -0.0564287 0.83465 -0.947507 
7.7362 -0.149681 0.746282 -1.04564 
7.822 -0.243793 0.657 -1.14459 
7.9078 -0.338746 0.566825 -1.24432 
7.9936 -0.434521 0.475775 -1.34482 
8.0794 -0.531102 0.38387 -1.44607 
8.1652 -0.628471 0.291127 -1.54807 
8.251 -0.726612 0.197564 -1.65079 
8.3368 -0.825508 0.103198 -1.75421 
8.4226 -0.925145 0.00804482 -1.85834 
8.5084 -1.02551 -0.0878787 -1.96314 
8.5942 -1.12658 -0.184558 -2.0686 
8.68 -1.22835 -0.281977 -2.17472 
8.7658 -1.3308 -0.380121 -2.28148 
8.8516 -1.43392 -0.478978 -2.38887 
8.9374 -1.5377 -0.578532 -2.49687 
9.0232 -1.64213 -0.678771 -2.60548 
9.109 -1.74718 -0.779681 -2.71468 
9.1948 -1.85285 -0.88125 -2.82446 
9.2806 -1.95914 -0.983466 -2.93481 
9.3664 -2.06602 -1.08632 -3.04572 
9.4522 -2.17349 -1.18979 -3.15718 
9.538 -2.28153 -1.29388 -3.26918 
9.6238 -2.39014 -1.39856 -3.38171 
9.7096 -2.4993 -1.50384 -3.49476 
9.7954 -2.60901 -1.6097 -3.60833 
9.8812 -2.71926 -1.71612 -3.72239 
9.967 -2.83003 -1.82311 -3.83695 
10.0528 -2.94132 -1.93065 -3.952 
10.1386 -3.05312 -2.03873 -4.06752 
10.2244 -3.16542 -2.14734 -4.18351 
10.3102 -3.27822 -2.25647 -4.29996 
10.396 -3.39149 -2.36612 -4.41687 
10.4818 -3.50525 -2.47627 -4.53422 
10.5676 -3.61947 -2.58692 -4.65201 
10.6534 -3.73415 -2.69806 -4.77023 


0.0142 -28.7744 -28.2596 -29.2893 
0.1 -15.304 -14.7892 -15.8188 
0.1858 -11.1456 -10.6308 -11.6605 
0.2716 -8.66346 -8.14862 -9.1783 
0.3574 -6.91606 -6.40122 -7.43089 
0.4432 -5.5835 -5.06867 -6.09834 
0.529 -4.51791 -4.00307 -5.03275 
0.6148 -3.63863 -3.12379 -4.15347 
0.7006 -2.89681 -2.38197 -3.41165 
0.7864 -2.2606 -1.74576 -2.77544 
0.8722 -1.70808 -1.19325 -2.22292 
0.958 -1.22353 -0.70869 -1.73836 
1.0438 -0.795256 -0.280419 -1.31009 
1.1296 -0.414367 0.10047 -0.929205 
1.2154 -0.0739159 0.440921 -0.588753 
1.3012 0.23162 0.746457 -0.283217 
1.387 0.506702 1.02154 -0.00813518 
1.4728 0.754989 1.26983 0.240152 
1.5586 0.979517 1.49435 0.46468 
1.6444 1.18283 1.69767 0.667997 
1.7302 1.3671 1.88194 0.852261 
1.816 1.53416 2.04899 1.01932 
1.9018 1.68559 2.20043 1.17076 
1.9876 1.82279 2.33763 1.30796 
2.0734 1.94696 2.46179 1.43212 
2.1592 2.05914 2.57398 1.54431 
2.245 2.16028 2.67512 1.64545 
2.3308 2.25121 2.76605 1.73637 
2.4166 2.33266 2.8475 1.81782 
2.5024 2.40529 2.92013 1.89046 
2.5882 2.46971 2.98454 1.95487 
2.674 2.52644 3.04127 2.0116 
2.7598 2.57596 3.0908 2.06113 
2.8456 2.61874 3.13357 2.1039 
2.9314 2.65515 3.16999 2.14031 
3.0172 2.68558 3.20041 2.17074 
3.103 2.71035 3.22518 2.19551 
3.1888 2.72977 3.24461 2.21493 
3.2746 2.74414 3.25897 2.2293 
3.3604 2.7537 3.26854 2.23886 
3.4462 2.75871 3.27354 2.24387 
3.532 2.75938 3.27422 2.24454 
3.6178 2.75593 3.27077 2.24109 
3.7036 2.74854 3.26338 2.23371 
3.7894 2.73741 3.25225 2.22257 
3.8752 2.72269 3.23753 2.20785 
3.961 2.70454 3.21938 2.1897 
4.0468 2.68312 3.19795 2.16828 
4.1326 2.65855 3.17338 2.14371 
4.2184 2.63096 3.1458 2.11613 
4.3042 2.60049 3.11533 2.08565 
4.39 2.56724 3.08208 2.0524 
4.4758 2.53132 3.04615 2.01648 
4.5616 2.49283 3.00766 1.97799 
4.6474 2.45186 2.9667 1.93703 
4.7332 2.40852 2.92335 1.89368 
4.819 2.36288 2.87771 1.84804 
4.9048 2.31502 2.82985 1.80018 
4.9906 2.26502 2.77986 1.75018 
5.0764 2.21296 2.72779 1.69812 
5.1622 2.1589 2.67373 1.64406 
5.248 2.1029 2.61774 1.58807 
5.3338 2.04504 2.55988 1.53021 
5.4196 1.98538 2.50021 1.47054 
5.5054 1.92396 2.43879 1.40912 
5.5912 1.86084 2.37568 1.346 
5.677 1.79608 2.31091 1.28124 
5.7628 1.72972 2.24455 1.21488 
5.8486 1.66181 2.17664 1.14697 
5.9344 1.59239 2.10723 1.07755 
6.0202 1.52152 2.03635 1.00668 
6.106 1.44922 1.96406 0.934385 
6.1918 1.37555 1.89038 0.86071 
6.2776 1.30053 1.81537 0.785694 
6.3634 1.22421 1.73905 0.709371 
6.4492 1.14662 1.66145 0.631778 
6.535 1.06778 1.58262 0.552948 
6.6208 0.98775 1.50259 0.472913 
6.7066 0.906541 1.42138 0.391704 
6.7924 0.824188 1.33903 0.309351 
6.8782 0.74072 1.25556 0.225883 
6.964 0.656165 1.171 0.141328 
7.0498 0.570548 1.08539 0.055711 
7.1356 0.483896 0.998733 -0.0309409 
7.2214 0.396234 0.911071 -0.118603 
7.3072 0.307585 0.822422 -0.207252 
7.393 0.217972 0.732809 -0.296865 
7.4788 0.127418 0.642255 -0.387419 
7.5646 0.0359444 0.550782 -0.478893 
7.6504 -0.0564287 0.458408 -0.571266 
7.7362 -0.149681 0.365156 -0.664518 
7.822 -0.243793 0.271044 -0.75863 
7.9078 -0.338746 0.176092 -0.853583 
7.9936 -0.434521 0.080316 -0.949358 
8.0794 -0.531102 -0.0162648 -1.04594 
8.1652 -0.628471 -0.113634 -1.14331 
8.251 -0.726612 -0.211775 -1.24145 
8.3368 -0.825508 -0.310671 -1.34035 
8.4226 -0.925145 -0.410308 -1.43998 
8.5084 -1.02551 -0.51067 -1.54034 
8.5942 -1.12658 -0.611743 -1.64142 
8.68 -1.22835 -0.713512 -1.74319 
8.7658 -1.3308 -0.815965 -1.84564 
8.8516 -1.43392 -0.919087 -1.94876 
8.9374 -1.5377 -1.02287 -2.05254 
9.0232 -1.64213 -1.12729 -2.15696 
9.109 -1.74718 -1.23234 -2.26202 
9.1948 -1.85285 -1.33802 -2.36769 
9.2806 -1.95914 -1.4443 -2.47398 
9.3664 -2.06602 -1.55118 -2.58086 
9.4522 -2.17349 -1.65865 -2.68832 
9.538 -2.28153 -1.76669 -2.79637 
9.6238 -2.39014 -1.8753 -2.90497 
9.7096 -2.4993 -1.98446 -3.01414 
9.7954 -2.60901 -2.09417 -3.12385 
9.8812 -2.71926 -2.20442 -3.23409 
9.967 -2.83003 -2.31519 -3.34487 
10.0528 -2.94132 -2.42648 -3.45616 
10.1386 -3.05312 -2.53828 -3.56796 
10.2244 -3.16542 -2.65059 -3.68026 
10.3102 -3.27822 -2.76338 -3.79305 
10.396 -3.39149 -2.87666 -3.90633 
10.4818 -3.50525 -2.99041 -4.02008 
10.5676 -3.61947 -3.10463 -4.1343 
10.6534 -3.73415 -3.21931 -4.24899 


0.0142 -28.7744 -28.7721 -28.7767 
0.1 -15.304 -15.2878 -15.3202 
0.1858 -11.1456 -11.1156 -11.1757 
0.2716 -8.66346 -8.61956 -8.70737 
0.3574 -6.91606 -6.85828 -6.97383 
0.4432 -5.5835 -5.51186 -5.65515 
0.529 -4.51791 -4.4324 -4.60342 
0.6148 -3.63863 -3.53925 -3.73801 
0.7006 -2.89681 -2.78356 -3.01006 
0.7864 -2.2606 -2.13348 -2.38772 
0.8722 -1.70808 -1.56709 -1.84908 
0.958 -1.22353 -1.06866 -1.37839 
1.0438 -0.795256 -0.626523 -0.963989 
1.1296 -0.414367 -0.231765 -0.59697 
1.2154 -0.0739159 0.122557 -0.270388 
1.3012 0.23162 0.441962 0.0212773 
1.387 0.506702 0.730914 0.28249 
1.4728 0.754989 0.993071 0.516907 
1.5586 0.979517 1.23147 0.727566 
1.6444 1.18283 1.44866 0.917013 
1.7302 1.3671 1.64679 1.08741 
1.816 1.53416 1.82772 1.24059 
1.9018 1.68559 1.99302 1.37816 
1.9876 1.82279 2.14409 1.50149 
2.0734 1.94696 2.28213 1.61179 
2.1592 2.05914 2.40818 1.7101 
2.245 2.16028 2.52319 1.79737 
2.3308 2.25121 2.62799 1.87443 
2.4166 2.33266 2.72331 1.94201 
2.5024 2.40529 2.80981 2.00077 
2.5882 2.46971 2.8881 2.05132 
2.674 2.52644 2.95869 2.09418 
2.7598 2.57596 3.02209 2.12984 
2.8456 2.61874 3.07873 2.15874 
2.9314 2.65515 3.12902 2.18128 
3.0172 2.68558 3.17331 2.19784 
3.103 2.71035 3.21195 2.20874 
3.1888 2.72977 3.24525 2.21429 
3.2746 2.74414 3.27348 2.21479 
3.3604 2.7537 3.29692 2.21048 
3.4462 2.75871 3.31579 2.20162 
3.532 2.75938 3.33034 2.18842 
3.6178 2.75593 3.34075 2.1711 
3.7036 2.74854 3.34724 2.14985 
3.7894 2.73741 3.34997 2.12484 
3.8752 2.72269 3.34912 2.09625 
3.961 2.70454 3.34485 2.06424 
4.0468 2.68312 3.33729 2.02894 
4.1326 2.65855 3.32659 1.9905 
4.2184 2.63096 3.31288 1.94905 
4.3042 2.60049 3.29628 1.90471 
4.39 2.56724 3.27689 1.85758 
4.4758 2.53132 3.25484 1.80779 
4.5616 2.49283 3.23022 1.75543 
4.6474 2.45186 3.20313 1.7006 
4.7332 2.40852 3.17365 1.64338 
4.819 2.36288 3.14188 1.58387 
4.9048 2.31502 3.10789 1.52214 
4.9906 2.26502 3.07176 1.45828 
5.0764 2.21296 3.03357 1.39234 
5.1622 2.1589 2.99338 1.32441 
5.248 2.1029 2.95126 1.25455 
5.3338 2.04504 2.90727 1.18282 
5.4196 1.98538 2.86147 1.10928 
5.5054 1.92396 2.81392 1.03399 
5.5912 1.86084 2.76467 0.957007 
5.677 1.79608 2.71378 0.878374 
5.7628 1.72972 2.66129 0.798144 
5.8486 1.66181 2.60725 0.716364 
5.9344 1.59239 2.5517 0.633081 
6.0202 1.52152 2.4947 0.548336 
6.106 1.44922 2.43627 0.462172 
6.1918 1.37555 2.37647 0.374627 
6.2776 1.30053 2.31532 0.285741 
6.3634 1.22421 2.25287 0.195548 
6.4492 1.14662 2.18915 0.104085 
6.535 1.06778 2.12418 0.0113854 
6.6208 0.98775 2.05802 -0.0825195 
6.7066 0.906541 1.99068 -0.177598 
6.7924 0.824188 1.9222 -0.273821 
6.8782 0.74072 1.8526 -0.371159 
6.964 0.656165 1.78191 -0.469584 
7.0498 0.570548 1.71017 -0.56907 
7.1356 0.483896 1.63738 -0.669592 
7.2214 0.396234 1.56359 -0.771124 
7.3072 0.307585 1.48881 -0.873643 
7.393 0.217972 1.41307 -0.977125 
7.4788 0.127418 1.33639 -1.08155 
7.5646 0.0359444 1.25878 -1.18689 
7.6504 -0.0564287 1.18028 -1.29314 
7.7362 -0.149681 1.1009 -1.40026 
7.822 -0.243793 1.02065 -1.50824 
7.9078 -0.338746 0.939571 -1.61706 
7.9936 -0.434521 0.857665 -1.72671 
8.0794 -0.531102 0.774954 -1.83716 
8.1652 -0.628471 0.691455 -1.9484 
8.251 -0.726612 0.607184 -2.06041 
8.3368 -0.825508 0.522157 -2.17317 
8.4226 -0.925145 0.43639 -2.28668 
8.5084 -1.02551 0.349898 -2.40091 
8.5942 -1.12658 0.262695 -2.51585 
8.68 -1.22835 0.174795 -2.63149 
8.7658 -1.3308 0.0862124 -2.74782 
8.8516 -1.43392 -0.00303976 -2.86481 
8.9374 -1.5377 -0.0929486 -2.98246 
9.0232 -1.64213 -0.183502 -3.10075 
9.109 -1.74718 -0.274686 -3.21967 
9.1948 -1.85285 -0.366491 -3.33922 
9.2806 -1.95914 -0.458905 -3.45937 
9.3664 -2.06602 -0.551916 -3.58012 
9.4522 -2.17349 -0.645513 -3.70146 
9.538 -2.28153 -0.739687 -3.82337 
9.6238 -2.39014 -0.834425 -3.94585 
9.7096 -2.4993 -0.92972 -4.06888 
9.7954 -2.60901 -1.02556 -4.19246 
9.8812 -2.71926 -1.12194 -4.31658 
9.967 -2.83003 -1.21884 -4.44122 
10.0528 -2.94132 -1.31626 -4.56638 
10.1386 -3.05312 -1.41419 -4.69205 
10.2244 -3.16542 -1.51262 -4.81822 
10.3102 -3.27822 -1.61155 -4.94489 
10.396 -3.39149 -1.71095 -5.07203 
10.4818 -3.50525 -1.81084 -5.19966 
10.5676 -3.61947 -1.91119 -5.32775 
10.6534 -3.73415 -2.012 -5.4563 


