-1 -1 0.129945
-0.894737 -0.894737 0.139126
-0.789474 -0.789474 0.0669363
-0.684211 -0.684211 -0.112618
-0.578947 -0.578947 -0.373179
-0.473684 -0.473684 -0.62207
-0.368421 -0.368421 -0.72833
-0.263158 -0.263158 -0.590278
-0.157895 -0.157895 -0.206387
-0.0526316 -0.0526316 0.301136
0.0526316 0.0526316 0.736503
0.157895 0.157895 0.930356
0.263158 0.263158 0.827607
0.368421 0.368421 0.507584
0.473684 0.473684 0.128321
0.578947 0.578947 -0.162821
0.684211 0.684211 -0.294629
0.789474 0.789474 -0.282093
0.894737 0.894737 -0.190654
1 1 -0.088461


-1 -1 0.127141
-0.984375 -0.984375 0.132267
-0.96875 -0.96875 0.136501
-0.953125 -0.953125 0.139674
-0.9375 -0.9375 0.141611
-0.921875 -0.921875 0.142141
-0.90625 -0.90625 0.14109
-0.890625 -0.890625 0.138292
-0.875 -0.875 0.133587
-0.859375 -0.859375 0.126827
-0.84375 -0.84375 0.117878
-0.828125 -0.828125 0.106624
-0.8125 -0.8125 0.0929687
-0.796875 -0.796875 0.0768392
-0.78125 -0.78125 0.0581892
-0.765625 -0.765625 0.0370009
-0.75 -0.75 0.0132871
-0.734375 -0.734375 -0.0129065
-0.71875 -0.71875 -0.0415005
-0.703125 -0.703125 -0.0723802
-0.6875 -0.6875 -0.105396
-0.671875 -0.671875 -0.140361
-0.65625 -0.65625 -0.177054
-0.640625 -0.640625 -0.215221
-0.625 -0.625 -0.254572
-0.609375 -0.609375 -0.294787
-0.59375 -0.59375 -0.335519
-0.578125 -0.578125 -0.376392
-0.5625 -0.5625 -0.417009
-0.546875 -0.546875 -0.456953
-0.53125 -0.53125 -0.495793
-0.515625 -0.515625 -0.533085
-0.5 -0.5 -0.568382
-0.484375 -0.484375 -0.601232
-0.46875 -0.46875 -0.631192
-0.453125 -0.453125 -0.657824
-0.4375 -0.4375 -0.680707
-0.421875 -0.421875 -0.699443
-0.40625 -0.40625 -0.713658
-0.390625 -0.390625 -0.72301
-0.375 -0.375 -0.727196
-0.359375 -0.359375 -0.725954
-0.34375 -0.34375 -0.719074
-0.328125 -0.328125 -0.706393
-0.3125 -0.3125 -0.687809
-0.296875 -0.296875 -0.663279
-0.28125 -0.28125 -0.632821
-0.265625 -0.265625 -0.596522
-0.25 -0.25 -0.554532
-0.234375 -0.234375 -0.507071
-0.21875 -0.21875 -0.454422
-0.203125 -0.203125 -0.396936
-0.1875 -0.1875 -0.335024
-0.171875 -0.171875 -0.269157
-0.15625 -0.15625 -0.199859
-0.140625 -0.140625 -0.127705
-0.125 -0.125 -0.0533101
-0.109375 -0.109375 0.0226752
-0.09375 -0.09375 0.0995727
-0.078125 -0.078125 0.176685
-0.0625 -0.0625 0.253306
-0.046875 -0.046875 0.328728
-0.03125 -0.03125 0.402251
-0.015625 -0.015625 0.473194
0 0 0.5409
0.015625 0.015625 0.60475
0.03125 0.03125 0.664166
0.046875 0.046875 0.718619
0.0625 0.0625 0.767641
0.078125 0.078125 0.810822
0.09375 0.09375 0.84782
0.109375 0.109375 0.878365
0.125 0.125 0.902258
0.140625 0.140625 0.919376
0.15625 0.15625 0.929668
0.171875 0.171875 0.93316
0.1875 0.1875 0.929948
0.203125 0.203125 0.920198
0.21875 0.21875 0.904139
0.234375 0.234375 0.882066
0.25 0.25 0.854326
0.265625 0.265625 0.821319
0.28125 0.28125 0.783487
0.296875 0.296875 0.741311
0.3125 0.3125 0.695305
0.328125 0.328125 0.646004
0.34375 0.34375 0.593961
0.359375 0.359375 0.53974
0.375 0.375 0.483909
0.390625 0.390625 0.427031
0.40625 0.40625 0.369659
0.421875 0.421875 0.312333
0.4375 0.4375 0.255569
0.453125 0.453125 0.199857
0.46875 0.46875 0.145656
0.484375 0.484375 0.0933893
0.5 0.5 0.0434417
0.515625 0.515625 -0.00384478
0.53125 0.53125 -0.0481725
0.546875 0.546875 -0.0892898
0.5625 0.5625 -0.126992
0.578125 0.578125 -0.161123
0.59375 0.59375 -0.191573
0.609375 0.609375 -0.21828
0.625 0.625 -0.241225
0.640625 0.640625 -0.260434
0.65625 0.65625 -0.275973
0.671875 0.671875 -0.287945
0.6875 0.6875 -0.296488
0.703125 0.703125 -0.301769
0.71875 0.71875 -0.303983
0.734375 0.734375 -0.303344
0.75 0.75 -0.300088
0.765625 0.765625 -0.29446
0.78125 0.78125 -0.286717
0.796875 0.796875 -0.277119
0.8125 0.8125 -0.265927
0.828125 0.828125 -0.253399
0.84375 0.84375 -0.239786
0.859375 0.859375 -0.22533
0.875 0.875 -0.210258
0.890625 0.890625 -0.194785
0.90625 0.90625 -0.179107
0.921875 0.921875 -0.163403
0.9375 0.9375 -0.147831
0.953125 0.953125 -0.13253
0.96875 0.96875 -0.11762
0.984375 0.984375 -0.103198
1 1 -0.0893447
