-1 0.353227
-0.894737 0.309802
-0.789474 0.124837
-0.684211 -0.179854
-0.578947 -0.521775
-0.473684 -0.778547
-0.368421 -0.834212
-0.263158 -0.632605
-0.157895 -0.211597
-0.0526316 0.301971
0.0526316 0.738546
0.157895 0.953842
0.263158 0.886951
0.368421 0.581375
0.473684 0.160599
0.578947 -0.227654
0.684211 -0.47053
0.789474 -0.526107
0.894737 -0.424543
1 -0.240462


-1 0.353253
-0.984375 0.366623
-0.96875 0.374115
-0.953125 0.375947
-0.9375 0.372364
-0.921875 0.363634
-0.90625 0.350041
-0.890625 0.331883
-0.875 0.309466
-0.859375 0.283099
-0.84375 0.253095
-0.828125 0.219764
-0.8125 0.183414
-0.796875 0.144349
-0.78125 0.102867
-0.765625 0.0592635
-0.75 0.0138281
-0.734375 -0.0331521
-0.71875 -0.0813921
-0.703125 -0.130608
-0.6875 -0.180513
-0.671875 -0.230819
-0.65625 -0.281233
-0.640625 -0.331455
-0.625 -0.38118
-0.609375 -0.430093
-0.59375 -0.477871
-0.578125 -0.524183
-0.5625 -0.56869
-0.546875 -0.611046
-0.53125 -0.6509
-0.515625 -0.687899
-0.5 -0.72169
-0.484375 -0.751923
-0.46875 -0.778256
-0.453125 -0.800357
-0.4375 -0.817914
-0.421875 -0.830633
-0.40625 -0.838247
-0.390625 -0.840518
-0.375 -0.837248
-0.359375 -0.828276
-0.34375 -0.813487
-0.328125 -0.792816
-0.3125 -0.766249
-0.296875 -0.733828
-0.28125 -0.695652
-0.265625 -0.651879
-0.25 -0.602726
-0.234375 -0.548468
-0.21875 -0.48944
-0.203125 -0.426029
-0.1875 -0.358676
-0.171875 -0.287871
-0.15625 -0.214147
-0.140625 -0.138073
-0.125 -0.0602532
-0.109375 0.0186864
-0.09375 0.0981
-0.078125 0.177332
-0.0625 0.255726
-0.046875 0.332627
-0.03125 0.407397
-0.015625 0.479417
0 0.548096
0.015625 0.612878
0.03125 0.673247
0.046875 0.728737
0.0625 0.778929
0.078125 0.823464
0.09375 0.862038
0.109375 0.89441
0.125 0.920404
0.140625 0.939902
0.15625 0.952855
0.171875 0.959271
0.1875 0.95922
0.203125 0.952828
0.21875 0.940276
0.234375 0.921794
0.25 0.897657
0.265625 0.868182
0.28125 0.83372
0.296875 0.794652
0.3125 0.751387
0.328125 0.704349
0.34375 0.65398
0.359375 0.60073
0.375 0.545052
0.390625 0.487403
0.40625 0.428231
0.421875 0.367979
0.4375 0.307079
0.453125 0.245946
0.46875 0.184982
0.484375 0.124567
0.5 0.0650639
0.515625 0.00681171
0.53125 -0.049871
0.546875 -0.104689
0.5625 -0.157368
0.578125 -0.207659
0.59375 -0.255332
0.609375 -0.300178
0.625 -0.342012
0.640625 -0.380665
0.65625 -0.415987
0.671875 -0.447847
0.6875 -0.476129
0.703125 -0.500732
0.71875 -0.521571
0.734375 -0.538575
0.75 -0.551683
0.765625 -0.560848
0.78125 -0.566034
0.796875 -0.567218
0.8125 -0.564384
0.828125 -0.55753
0.84375 -0.546661
0.859375 -0.531794
0.875 -0.512958
0.890625 -0.490188
0.90625 -0.463532
0.921875 -0.43305
0.9375 -0.39881
0.953125 -0.360891
0.96875 -0.319386
0.984375 -0.274397
1 -0.226036
